3436
507, 497, 503, 506, 507, 1823471
506, 495, 503, 506, 506, 1823507
506, 497, 502, 506, 507, 1823542
509, 501, 506, 508, 510, 1823578
505, 497, 500, 504, 508, 1823612
507, 499, 503, 506, 509, 1823648
505, 496, 501, 505, 507, 1823683
505, 496, 501, 505, 507, 1823719
505, 497, 502, 506, 508, 1823754
504, 495, 501, 505, 506, 1823790
505, 496, 502, 505, 506, 1823825
505, 495, 502, 505, 506, 1823860
505, 496, 501, 505, 506, 1823896
507, 497, 503, 506, 507, 1823931
505, 497, 502, 506, 507, 1823967
506, 497, 502, 505, 507, 1824002
503, 494, 500, 504, 505, 1824037
504, 494, 501, 505, 505, 1824072
505, 495, 502, 505, 505, 1824108
506, 496, 503, 506, 506, 1824143
504, 494, 501, 505, 505, 1824179
505, 495, 502, 505, 506, 1824214
504, 494, 501, 505, 505, 1824249
508, 498, 505, 508, 508, 1824284
503, 494, 500, 503, 504, 1824320
506, 497, 503, 506, 507, 1824355
504, 494, 501, 504, 505, 1824391
507, 498, 503, 506, 508, 1824427
506, 498, 503, 506, 507, 1824461
505, 496, 501, 505, 506, 1824497
505, 496, 501, 505, 506, 1824532
507, 499, 504, 507, 509, 1824568
505, 497, 501, 505, 508, 1824603
506, 499, 503, 506, 509, 1824638
504, 495, 500, 504, 506, 1824673
505, 496, 502, 505, 507, 1824709
505, 495, 501, 505, 506, 1824744
506, 497, 502, 506, 507, 1824780
506, 496, 502, 506, 506, 1824815
504, 495, 501, 505, 506, 1824850
503, 493, 501, 504, 504, 1824885
505, 495, 503, 506, 506, 1824921
505, 494, 501, 505, 504, 1824957
506, 496, 502, 506, 506, 1824992
505, 495, 501, 505, 505, 1825028
505, 496, 502, 505, 506, 1825062
506, 496, 503, 506, 507, 1825098
504, 494, 500, 504, 505, 1825133
505, 496, 502, 506, 507, 1825169
506, 497, 502, 506, 507, 1825204
506, 497, 502, 506, 508, 1825240
507, 498, 503, 506, 508, 1825274
505, 497, 502, 505, 508, 1825310
505, 496, 501, 505, 507, 1825345
506, 498, 502, 505, 508, 1825381
504, 494, 501, 504, 505, 1825416
503, 493, 500, 504, 504, 1825452
506, 496, 503, 506, 506, 1825486
503, 493, 499, 504, 504, 1825522
508, 499, 505, 508, 509, 1825558
503, 493, 499, 503, 504, 1825593
506, 497, 503, 507, 507, 1825629
503, 493, 500, 504, 504, 1825664
506, 496, 502, 506, 507, 1825699
506, 496, 503, 506, 507, 1825734
504, 494, 500, 504, 505, 1825770
506, 495, 503, 506, 506, 1825805
505, 495, 501, 505, 506, 1825841
506, 497, 503, 506, 507, 1825875
505, 495, 502, 505, 506, 1825911
505, 495, 501, 505, 506, 1825946
505, 495, 501, 505, 506, 1825982
506, 497, 503, 506, 507, 1826017
504, 494, 500, 504, 505, 1826053
505, 495, 503, 506, 506, 1826088
504, 493, 501, 504, 505, 1826123
506, 496, 502, 506, 507, 1826159
507, 497, 503, 507, 507, 1826194
504, 495, 501, 505, 505, 1826230
506, 496, 503, 506, 507, 1826265
505, 496, 501, 505, 507, 1826300
507, 498, 503, 507, 508, 1826335
506, 498, 502, 506, 508, 1826371
507, 499, 503, 507, 509, 1826406
504, 496, 500, 504, 507, 1826442
507, 499, 503, 507, 509, 1826477
504, 495, 501, 504, 506, 1826512
506, 498, 503, 506, 508, 1826547
503, 493, 500, 503, 504, 1826583
503, 493, 500, 504, 504, 1826618
505, 493, 502, 505, 504, 1826654
504, 492, 501, 505, 503, 1826690
505, 494, 502, 506, 505, 1826724
506, 495, 503, 506, 506, 1826760
506, 496, 502, 506, 507, 1826795
507, 498, 503, 507, 508, 1826831
505, 495, 501, 505, 506, 1826866
506, 496, 503, 506, 507, 1826902
504, 495, 501, 505, 506, 1826936
506, 496, 503, 506, 507, 1826972
506, 496, 503, 506, 507, 1827007
505, 495, 502, 505, 506, 1827043
504, 494, 500, 504, 505, 1827078
507, 497, 503, 506, 507, 1827113
504, 494, 501, 505, 506, 1827148
507, 498, 504, 507, 508, 1827184
503, 494, 499, 504, 505, 1827220
507, 498, 503, 507, 508, 1827255
505, 497, 502, 505, 507, 1827291
507, 499, 504, 507, 509, 1827325
505, 496, 501, 505, 507, 1827361
507, 499, 503, 506, 509, 1827396
503, 494, 499, 503, 505, 1827432
505, 496, 502, 505, 506, 1827467
504, 494, 502, 505, 505, 1827503
505, 495, 501, 505, 505, 1827537
505, 494, 502, 505, 505, 1827573
505, 494, 501, 505, 504, 1827608
505, 494, 502, 505, 505, 1827644
506, 496, 503, 507, 506, 1827679
503, 492, 500, 504, 503, 1827715
508, 499, 504, 508, 508, 1827749
505, 494, 502, 505, 505, 1827785
508, 499, 503, 507, 509, 1827821
504, 495, 501, 505, 506, 1827856
507, 499, 503, 506, 509, 1827892
507, 498, 503, 506, 509, 1827927
505, 498, 501, 505, 508, 1827962
506, 498, 503, 506, 508, 1827997
504, 495, 500, 504, 506, 1828033
506, 498, 503, 506, 508, 1828068
504, 494, 500, 504, 505, 1828104
507, 498, 504, 507, 508, 1828139
503, 494, 500, 504, 505, 1828174
505, 496, 502, 505, 506, 1828209
505, 495, 502, 505, 505, 1828245
505, 495, 502, 505, 505, 1828280
505, 494, 501, 505, 505, 1828316
506, 496, 502, 506, 507, 1828352
507, 498, 503, 507, 508, 1828386
505, 496, 501, 505, 507, 1828422
506, 497, 502, 506, 507, 1828457
504, 495, 501, 505, 506, 1828493
506, 497, 502, 506, 507, 1828528
506, 498, 503, 506, 508, 1828563
506, 498, 502, 506, 508, 1828598
505, 496, 502, 505, 507, 1828634
503, 493, 499, 503, 504, 1828669
505, 495, 502, 506, 505, 1828705
506, 496, 502, 506, 506, 1828740
505, 495, 502, 506, 506, 1828775
506, 497, 502, 506, 506, 1828810
505, 495, 502, 505, 505, 1828846
506, 496, 502, 505, 507, 1828881
506, 497, 503, 507, 507, 1828917
504, 495, 500, 504, 506, 1828953
505, 496, 502, 506, 507, 1828987
504, 494, 501, 504, 505, 1829023
506, 496, 503, 506, 506, 1829058
505, 495, 502, 505, 505, 1829094
505, 496, 501, 505, 506, 1829129
505, 496, 502, 505, 507, 1829165
505, 496, 502, 505, 507, 1829199
506, 497, 502, 507, 504, 1829235
508, 502, 506, 499, 520, 1829270
497, 491, 506, 510, 510, 1829306
509, 496, 493, 507, 490, 1829341
511, 505, 509, 501, 520, 1829377
494, 487, 504, 508, 508, 1829411
509, 495, 492, 507, 489, 1829447
511, 503, 508, 501, 517, 1829483
495, 488, 505, 508, 509, 1829518
511, 497, 496, 510, 491, 1829554
511, 503, 505, 500, 516, 1829588
495, 490, 506, 507, 513, 1829624
510, 496, 495, 510, 491, 1829659
512, 505, 506, 501, 517, 1829695
496, 491, 507, 507, 514, 1829730
509, 495, 495, 510, 491, 1829766
512, 504, 504, 500, 515, 1829800
496, 492, 507, 507, 515, 1829836
507, 494, 495, 510, 489, 1829871
511, 502, 502, 499, 511, 1829907
498, 492, 509, 508, 516, 1829942
505, 492, 494, 509, 487, 1829978
516, 506, 506, 503, 515, 1830012
497, 492, 508, 506, 517, 1830048
506, 493, 495, 509, 488, 1830084
514, 504, 502, 501, 511, 1830119
498, 492, 509, 506, 518, 1830155
504, 491, 494, 509, 487, 1830190
514, 503, 503, 501, 510, 1830225
496, 490, 507, 504, 516, 1830260
507, 494, 497, 512, 490, 1830296
514, 504, 502, 502, 509, 1830331
499, 495, 510, 505, 521, 1830367
504, 492, 495, 510, 490, 1830402
514, 503, 501, 502, 509, 1830437
500, 495, 510, 505, 521, 1830472
504, 492, 497, 511, 491, 1830508
514, 503, 500, 501, 507, 1830543
500, 495, 510, 504, 522, 1830579
503, 491, 497, 511, 492, 1830615
514, 504, 499, 502, 507, 1830649
500, 495, 510, 504, 521, 1830685
501, 490, 495, 510, 491, 1830720
516, 506, 502, 504, 507, 1830756
500, 495, 509, 502, 522, 1830791
503, 492, 500, 513, 495, 1830827
514, 502, 498, 502, 504, 1830861
503, 498, 511, 503, 524, 1830897
501, 490, 497, 511, 494, 1830932
515, 504, 499, 504, 504, 1830968
501, 495, 509, 501, 522, 1831003
499, 489, 498, 511, 495, 1831038
513, 500, 497, 503, 500, 1831073
502, 496, 510, 502, 522, 1831109
500, 488, 499, 511, 495, 1831144
515, 501, 498, 504, 500, 1831180
504, 498, 510, 501, 523, 1831216
500, 491, 501, 512, 498, 1831250
514, 500, 495, 503, 498, 1831286
507, 502, 514, 503, 526, 1831321
497, 488, 498, 509, 497, 1831357
517, 505, 499, 507, 501, 1831392
503, 498, 508, 499, 522, 1831428
499, 490, 501, 511, 500, 1831462
512, 498, 495, 505, 495, 1831498
506, 501, 510, 501, 523, 1831533
498, 489, 501, 511, 501, 1831569
514, 501, 496, 507, 496, 1831604
504, 498, 508, 499, 521, 1831640
497, 488, 501, 510, 501, 1831674
514, 499, 495, 507, 494, 1831710
507, 502, 510, 501, 523, 1831746
497, 489, 502, 510, 503, 1831781
513, 499, 495, 507, 494, 1831817
506, 501, 508, 499, 521, 1831852
496, 488, 502, 510, 503, 1831887
513, 498, 495, 507, 493, 1831922
509, 503, 510, 501, 522, 1831958
496, 489, 502, 509, 505, 1831993
511, 497, 494, 507, 491, 1832029
508, 502, 508, 499, 519, 1832064
497, 489, 505, 510, 506, 1832099
511, 497, 493, 507, 490, 1832134
510, 504, 509, 501, 520, 1832170
495, 488, 504, 509, 507, 1832205
513, 499, 496, 509, 492, 1832241
510, 504, 507, 500, 520, 1832275
496, 491, 505, 509, 510, 1832311
510, 497, 494, 508, 490, 1832347
510, 504, 507, 500, 518, 1832382
495, 488, 504, 507, 509, 1832418
510, 496, 494, 509, 489, 1832453
511, 503, 507, 500, 517, 1832488
496, 490, 506, 508, 512, 1832523
509, 495, 494, 509, 488, 1832559
511, 504, 505, 500, 516, 1832594
496, 491, 507, 508, 513, 1832630
508, 495, 493, 509, 489, 1832665
514, 506, 507, 501, 516, 1832700
494, 488, 505, 506, 512, 1832735
507, 494, 494, 510, 487, 1832771
511, 502, 504, 500, 513, 1832806
495, 489, 507, 507, 514, 1832842
507, 493, 495, 510, 487, 1832878
512, 502, 503, 500, 511, 1832912
497, 492, 510, 508, 517, 1832948
504, 493, 501, 504, 506, 1832983
507, 498, 503, 507, 507, 1833019
505, 495, 501, 505, 506, 1833054
505, 496, 502, 505, 506, 1833090
506, 497, 502, 506, 507, 1833124
505, 497, 502, 506, 507, 1833160
507, 499, 503, 507, 508, 1833195
504, 495, 500, 504, 505, 1833231
506, 497, 502, 506, 507, 1833266
503, 494, 500, 504, 504, 1833302
506, 496, 503, 506, 506, 1833336
504, 494, 501, 505, 505, 1833372
507, 498, 503, 507, 508, 1833407
505, 495, 501, 505, 506, 1833443
506, 497, 502, 506, 507, 1833479
506, 497, 503, 506, 507, 1833513
505, 497, 501, 505, 507, 1833549
506, 497, 503, 506, 507, 1833584
505, 496, 501, 505, 507, 1833620
506, 497, 502, 506, 507, 1833655
505, 496, 502, 505, 506, 1833691
505, 495, 501, 505, 505, 1833725
506, 498, 503, 506, 508, 1833761
505, 496, 502, 505, 506, 1833796
504, 495, 501, 505, 505, 1833832
505, 495, 502, 505, 505, 1833867
503, 493, 500, 504, 504, 1833903
506, 496, 503, 506, 506, 1833937
506, 496, 503, 506, 506, 1833973
505, 495, 502, 505, 505, 1834009
506, 497, 502, 506, 506, 1834044
505, 495, 501, 505, 506, 1834080
506, 496, 503, 506, 507, 1834115
506, 497, 503, 506, 508, 1834150
505, 497, 501, 505, 507, 1834185
505, 497, 502, 505, 507, 1834221
506, 498, 502, 505, 508, 1834256
506, 497, 502, 506, 507, 1834292
505, 496, 501, 505, 506, 1834327
505, 496, 502, 505, 506, 1834362
504, 495, 501, 505, 505, 1834397
507, 499, 504, 507, 508, 1834433
505, 496, 502, 505, 506, 1834468
505, 495, 501, 505, 506, 1834504
504, 495, 501, 505, 505, 1834539
504, 494, 501, 505, 504, 1834574
506, 495, 503, 506, 506, 1834610
505, 495, 502, 505, 505, 1834645
506, 497, 503, 506, 507, 1834681
506, 497, 502, 506, 507, 1834716
506, 498, 503, 506, 508, 1834752
506, 498, 503, 506, 508, 1834786
505, 497, 502, 505, 507, 1834822
505, 497, 501, 505, 507, 1834857
505, 496, 502, 505, 506, 1834893
505, 496, 502, 505, 506, 1834928
506, 498, 503, 506, 508, 1834963
506, 498, 503, 506, 508, 1834998
506, 499, 502, 506, 509, 1835034
505, 498, 502, 506, 508, 1835069
502, 493, 499, 503, 504, 1835105
504, 494, 502, 505, 505, 1835141
504, 494, 501, 505, 504, 1835175
506, 496, 503, 506, 506, 1835211
505, 496, 502, 506, 506, 1835246
504, 494, 500, 504, 504, 1835282
504, 493, 500, 504, 504, 1835317
506, 496, 503, 506, 506, 1835353
504, 493, 501, 504, 504, 1835387
507, 498, 504, 508, 508, 1835423
506, 497, 503, 506, 508, 1835458
506, 499, 502, 506, 509, 1835494
506, 497, 503, 506, 508, 1835529
505, 496, 502, 505, 507, 1835565
506, 497, 503, 506, 507, 1835599
505, 496, 501, 505, 507, 1835635
506, 497, 502, 506, 507, 1835670
505, 495, 501, 505, 506, 1835706
506, 497, 503, 506, 507, 1835742
502, 493, 499, 503, 503, 1835777
506, 497, 503, 506, 507, 1835812
505, 494, 502, 505, 505, 1835847
505, 495, 501, 505, 506, 1835883
505, 494, 502, 505, 505, 1835918
504, 494, 500, 504, 505, 1835954
507, 498, 505, 507, 508, 1835988
506, 496, 501, 505, 506, 1836024
506, 498, 502, 506, 508, 1836059
504, 495, 501, 5