
505, 497, 502, 506, 507, 2491740
504, 495, 500, 505, 506, 2491776
505, 496, 501, 506, 506, 2491810
505, 495, 501, 506, 506, 2491846
505, 495, 501, 505, 506, 2491881
505, 496, 501, 506, 506, 2491917
505, 496, 501, 505, 506, 2491952
507, 497, 503, 507, 508, 2491987
505, 497, 502, 506, 507, 2492023
505, 497, 501, 506, 507, 2492058
505, 496, 501, 505, 507, 2492094
505, 496, 501, 506, 507, 2492129
505, 495, 502, 506, 506, 2492165
505, 496, 501, 505, 506, 2492199
506, 497, 502, 506, 507, 2492235
505, 496, 501, 505, 507, 2492270
505, 495, 502, 506, 506, 2492306
504, 494, 501, 505, 505, 2492341
506, 496, 502, 506, 507, 2492377
504, 494, 500, 505, 505, 2492411
507, 497, 503, 507, 508, 2492447
504, 494, 501, 505, 505, 2492482
504, 495, 501, 505, 506, 2492518
505, 496, 502, 506, 506, 2492554
507, 499, 503, 508, 509, 2492589
507, 500, 503, 507, 510, 2492624
506, 499, 502, 506, 509, 2492659
504, 496, 499, 504, 507, 2492695
505, 497, 502, 506, 508, 2492730
505, 497, 501, 505, 507, 2492766
503, 494, 500, 505, 505, 2492801
503, 493, 500, 504, 504, 2492836
505, 495, 502, 506, 506, 2492871
505, 495, 502, 506, 506, 2492907
505, 495, 502, 506, 506, 2492942
504, 494, 501, 506, 505, 2492978
505, 496, 501, 506, 506, 2493012
505, 495, 502, 506, 506, 2493048
507, 497, 503, 507, 508, 2493083
505, 496, 501, 506, 507, 2493119
507, 499, 503, 507, 509, 2493155
507, 499, 502, 506, 509, 2493190
506, 498, 502, 506, 509, 2493225
503, 495, 500, 505, 506, 2493260
503, 493, 499, 504, 504, 2493296
503, 493, 500, 505, 504, 2493331
505, 495, 502, 506, 505, 2493367
505, 494, 501, 505, 505, 2493402
507, 497, 503, 507, 507, 2493437
505, 495, 501, 506, 507, 2493472
505, 496, 501, 506, 507, 2493508
507, 499, 503, 507, 509, 2493543
505, 496, 501, 506, 507, 2493579
505, 497, 501, 505, 507, 2493614
505, 497, 502, 506, 508, 2493649
503, 494, 500, 504, 505, 2493685
505, 496, 502, 506, 507, 2493720
503, 492, 500, 504, 504, 2493756
503, 493, 500, 504, 504, 2493791
507, 498, 504, 508, 508, 2493827
505, 495, 501, 506, 506, 2493861
506, 497, 502, 506, 507, 2493897
505, 495, 501, 505, 507, 2493932
505, 496, 501, 505, 507, 2493968
506, 497, 503, 506, 508, 2494003
504, 496, 500, 505, 507, 2494039
505, 496, 502, 506, 507, 2494073
503, 493, 499, 503, 504, 2494109
505, 495, 501, 505, 506, 2494144
504, 493, 501, 505, 505, 2494180
505, 495, 502, 506, 506, 2494215
506, 497, 502, 507, 507, 2494251
506, 497, 502, 506, 507, 2494286
506, 498, 502, 506, 509, 2494321
507, 499, 503, 507, 510, 2494357
503, 495, 499, 504, 506, 2494392
507, 500, 503, 507, 510, 2494428
505, 497, 501, 506, 508, 2494462
505, 496, 501, 505, 507, 2494498
504, 495, 501, 505, 506, 2494533
503, 493, 500, 504, 504, 2494569
504, 494, 501, 505, 505, 2494604
505, 494, 502, 506, 505, 2494640
505, 495, 502, 506, 506, 2494674
506, 496, 502, 506, 507, 2494710
505, 495, 501, 505, 506, 2494745
506, 498, 502, 507, 508, 2494781
506, 497, 502, 506, 508, 2494817
504, 496, 500, 505, 507, 2494852
505, 497, 501, 506, 507, 2494887
504, 495, 501, 505, 507, 2494922
505, 497, 502, 506, 507, 2494958
504, 494, 501, 505, 506, 2494993
503, 493, 499, 504, 504, 2495029
507, 497, 503, 507, 508, 2495064
506, 497, 502, 506, 507, 2495099
505, 496, 502, 506, 507, 2495134
505, 496, 501, 505, 507, 2495170
505, 495, 501, 505, 506, 2495205
505, 496, 501, 505, 506, 2495241
505, 495, 502, 506, 506, 2495276
503, 493, 500, 504, 504, 2495311
505, 495, 502, 506, 506, 2495346
503, 493, 500, 504, 504, 2495382
507, 497, 503, 507, 507, 2495418
504, 494, 500, 505, 505, 2495453
507, 498, 503, 507, 508, 2495489
505, 496, 500, 505, 507, 2495523
508, 501, 503, 508, 511, 2495559
505, 497, 501, 506, 508, 2495594
504, 497, 500, 505, 508, 2495630
504, 495, 501, 505, 507, 2495665
503, 494, 499, 504, 505, 2495700
505, 495, 503, 506, 506, 2495735
504, 494, 501, 505, 505, 2495771
506, 497, 502, 507, 507, 2495806
505, 496, 501, 506, 507, 2495842
506, 496, 502, 506, 507, 2495877
504, 494, 500, 505, 505, 2495912
505, 495, 502, 506, 506, 2495948
506, 497, 502, 506, 508, 2495983
505, 497, 501, 506, 507, 2496019
506, 497, 502, 506, 508, 2496054
505, 496, 501, 505, 507, 2496090
505, 495, 501, 505, 506, 2496124
505, 495, 501, 505, 506, 2496160
505, 495, 501, 506, 506, 2496195
505, 495, 501, 505, 506, 2496231
505, 496, 501, 506, 506, 2496266
504, 494, 500, 505, 506, 2496302
507, 498, 503, 507, 509, 2496336
505, 496, 501, 505, 507, 2496372
506, 497, 501, 506, 508, 2496407
504, 495, 501, 505, 507, 2496443
504, 495, 500, 505, 506, 2496478
507, 498, 503, 507, 508, 2496514
505, 495, 501, 505, 506, 2496549
505, 495, 501, 505, 507, 2496584
505, 496, 501, 505, 507, 2496620
505, 496, 501, 505, 506, 2496655
505, 495, 501, 505, 506, 2496691
505, 495, 501, 505, 505, 2496726
505, 494, 501, 505, 506, 2496761
506, 495, 502, 506, 506, 2496796
506, 496, 502, 506, 507, 2496832
505, 496, 502, 506, 507, 2496867
505, 497, 501, 506, 508, 2496903
506, 498, 502, 507, 508, 2496937
504, 496, 500, 505, 507, 2496973
507, 499, 504, 507, 509, 2497008
503, 494, 499, 504, 506, 2497044
505, 497, 501, 506, 507, 2497080
505, 496, 501, 505, 507, 2497115
504, 495, 501, 505, 506, 2497150
505, 495, 502, 506, 506, 2497185
504, 493, 500, 504, 505, 2497221
506, 496, 502, 506, 507, 2497256
506, 497, 503, 507, 508, 2497292
506, 497, 502, 506, 508, 2497327
507, 498, 503, 507, 509, 2497362
504, 495, 500, 504, 506, 2497397
506, 499, 503, 507, 509, 2497433
505, 497, 502, 506, 508, 2497468
505, 496, 501, 505, 507, 2497504
503, 494, 500, 504, 505, 2497539
503, 494, 500, 504, 505, 2497574
505, 495, 502, 506, 506, 2497609
505, 495, 502, 506, 506, 2497645
506, 495, 502, 506, 506, 2497681
505, 495, 501, 505, 506, 2497716
506, 497, 503, 507, 508, 2497752
506, 497, 502, 506, 508, 2497786
505, 496, 501, 505, 507, 2497822
506, 497, 502, 506, 508, 2497857
505, 497, 501, 506, 508, 2497893
506, 498, 503, 507, 509, 2497928
505, 497, 501, 505, 508, 2497964
505, 496, 501, 505, 507, 2497998
504, 495, 500, 505, 507, 2498034
506, 497, 502, 507, 508, 2498069
504, 494, 500, 505, 506, 2498105
506, 496, 502, 506, 507, 2498140
503, 494, 500, 505, 505, 2498176
506, 498, 502, 507, 508, 2498211
506, 498, 503, 507, 508, 2498246
504, 495, 500, 504, 506, 2498282
504, 495, 501, 505, 506, 2498317
503, 493, 500, 504, 504, 2498353
505, 494, 502, 506, 506, 2498387
505, 494, 501, 506, 506, 2498423
505, 495, 502, 506, 506, 2498458
504, 494, 500, 505, 505, 2498494
507, 498, 503, 507, 508, 2498529
505, 496, 501, 506, 507, 2498565
507, 499, 503, 507, 509, 2498599
504, 495, 500, 504, 506, 2498635
507, 499, 503, 507, 509, 2498670
505, 497, 501, 506, 508, 2498706
506, 498, 502, 506, 509, 2498741
504, 495, 501, 505, 507, 2498777
504, 496, 500, 505, 507, 2498812
506, 497, 502, 507, 508, 2498847
505, 496, 501, 505, 507, 2498883
499, 501, 504, 496, 498, 2498918
510, 489, 503, 507, 509, 2498954
503, 491, 495, 510, 509, 2498989
501, 503, 506, 498, 498, 2499024
511, 490, 504, 507, 508, 2499059
505, 492, 496, 512, 511, 2499095
502, 505, 506, 500, 501, 2499130
512, 494, 505, 507, 510, 2499166
505, 492, 496, 512, 513, 2499201
500, 504, 504, 499, 500, 2499236
511, 494, 506, 507, 509, 2499271
505, 492, 495, 512, 513, 2499307
500, 503, 504, 499, 499, 2499343
512, 495, 507, 507, 509, 2499378
505, 490, 495, 512, 513, 2499414
500, 503, 503, 499, 499, 2499448
510, 494, 507, 506, 507, 2499484
506, 490, 495, 513, 514, 2499519
498, 501, 503, 499, 498, 2499555
511, 496, 507, 505, 507, 2499590
507, 490, 496, 513, 514, 2499625
501, 505, 503, 501, 501, 2499660
510, 497, 508, 505, 507, 2499696
505, 488, 494, 511, 513, 2499731
502, 506, 505, 503, 503, 2499767
508, 495, 505, 503, 505, 2499802
510, 492, 498, 515, 517, 2499837
498, 501, 499, 500, 499, 2499872
509, 498, 507, 504, 506, 2499908
507, 488, 495, 513, 515, 2499944
499, 502, 501, 502, 500, 2499979
507, 494, 506, 502, 502, 2500015
508, 489, 496, 513, 515, 2500049
499, 502, 501, 502, 501, 2500085
508, 497, 507, 502, 504, 2500120
510, 490, 498, 514, 517, 2500156
497, 499, 499, 501, 499, 2500191
509, 500, 509, 503, 506, 2500227
509, 489, 497, 513, 516, 2500261
500, 502, 500, 503, 502, 2500297
506, 498, 507, 501, 502, 2500332
508, 487, 496, 512, 514, 2500368
501, 502, 501, 505, 503, 2500403
507, 500, 507, 501, 503, 2500439
512, 491, 500, 515, 518, 2500474
496, 497, 495, 501, 500, 2500509
508, 503, 509, 503, 505, 2500545
509, 486, 497, 512, 514, 2500580
501, 502, 500, 507, 506, 2500616
505, 499, 507, 500, 501, 2500651
510, 488, 498, 512, 515, 2500686
499, 499, 499, 506, 504, 2500721
505, 501, 507, 500, 501, 2500757
510, 487, 498, 512, 513, 2500792
498, 497, 497, 505, 503, 2500828
506, 502, 509, 501, 502, 2500862
511, 488, 499, 511, 514, 2500898
501, 500, 499, 508, 507, 2500933
503, 500, 506, 498, 499, 2500969
512, 489, 500, 512, 515, 2501004
500, 497, 496, 507, 506, 2501040
504, 502, 507, 499, 500, 2501075
512, 488, 500, 511, 514, 2501110
499, 496, 496, 507, 506, 2501146
503, 502, 507, 499, 500, 2501181
514, 491, 503, 512, 515, 2501217
500, 496, 496, 508, 508, 2501252
504, 505, 508, 499, 501, 2501287
512, 489, 501, 510, 514, 2501322
500, 495, 495, 508, 508, 2501358
504, 505, 509, 500, 501, 2501393
511, 488, 501, 509, 512, 2501429
501, 495, 496, 509, 509, 2501464
502, 503, 507, 498, 499, 2501499
512, 490, 502, 509, 513, 2501534
503, 495, 496, 510, 510, 2501570
501, 501, 505, 497, 497, 2501606
513, 491, 504, 510, 513, 2501641
502, 493, 494, 510, 509, 2501677
503, 505, 508, 499, 500, 2501711
510, 488, 501, 507, 509, 2501747
504, 495, 497, 512, 511, 2501782
501, 504, 505, 497, 499, 2501818
514, 494, 506, 510, 514, 2501853
502, 490, 493, 510, 510, 2501889
502, 505, 507, 499, 500, 2501923
511, 491, 504, 507, 509, 2501959
504, 493, 495, 512, 512, 2501994
499, 502, 505, 497, 497, 2502030
512, 492, 505, 507, 510, 2502065
505, 492, 496, 513, 513, 2502100
501, 505, 505, 498, 499, 2502135
513, 494, 507, 507, 509, 2502171
505, 492, 495, 513, 514, 2502207
501, 506, 505, 499, 501, 2502242
511, 495, 505, 506, 509, 2502278
505, 492, 495, 513, 514, 2502312
498, 502, 503, 498, 498, 2502348
511, 494, 506, 505, 507, 2502383
506, 491, 495, 514, 514, 2502419
499, 503, 503, 499, 499, 2502454
511, 495, 507, 506, 507, 2502490
504, 487, 493, 511, 511, 2502524
500, 503, 503, 500, 499, 2502560
509, 493, 506, 504, 505, 2502595
509, 492, 497, 516, 517, 2502631
499, 503, 503, 501, 500, 2502666
511, 498, 507, 504, 507, 2502702
506, 489, 495, 512, 514, 2502737
500, 505, 503, 502, 502, 2502772
506, 498, 504, 507, 509, 2502808
505, 497, 500, 505, 508, 2502843
504, 495, 501, 505, 506, 2502879
503, 493, 499, 503, 505, 2502914
507, 498, 504, 508, 508, 2502949
504, 494, 500, 504, 506, 2502984
506, 498, 502, 507, 509, 2503020
505, 496, 501, 505, 507, 2503055
505, 496, 501, 505, 507, 2503091
506, 497, 502, 506, 508, 2503126
503, 494, 500, 504, 505, 2503161
505, 496, 501, 506, 506, 2503196
506, 497, 502, 506, 507, 2503232
505, 496, 501, 506, 507, 2503267
505, 495, 501, 505, 506, 2503303
505, 495, 501, 505, 506, 2503339
505, 496, 501, 506, 507, 2503373
507, 498, 502, 506, 508, 2503409
503, 494, 500, 504, 505, 2503444
505, 496, 501, 506, 506, 2503480
503, 493, 500, 504, 504, 2503515
505, 496, 502, 506, 506, 2503550
507, 497, 503, 507, 508, 2503585
505, 497, 501, 505, 507, 2503621
506, 497, 502, 506, 508, 2503656
504, 495, 500, 505, 506, 2503692
506, 497, 502, 506, 507, 2503727
505, 496, 502, 506, 507, 2503762
505, 496, 502, 506, 507, 2503797
503, 494, 499, 504, 505, 2503833
506, 497, 503, 507, 507, 2503869
505, 496, 502, 506, 507, 2503904
506, 497, 502, 506, 507, 2503940
503, 494, 499, 504, 505, 2503974
505, 497, 502, 506, 507, 2504010
505, 496, 502, 506, 507, 2504045
506, 497, 502, 506, 507, 2504081
505, 495, 500, 505, 506, 2504116
505, 496, 501, 505, 507, 2504152
506, 497, 502, 506, 508, 2504186
505, 497, 501, 506, 507, 2504222
505, 496, 502, 506, 507, 2504257
504, 495, 500, 504, 506, 2504293
506, 497, 502, 506, 508, 2504328
505, 497, 501, 506, 507, 2504364
504, 495, 501, 505, 506, 2504398
504, 495, 501, 505, 506, 2504434
505, 495, 501, 505, 506, 2504470
505, 496, 501, 506, 507, 2504505
506, 496, 502, 506, 507, 2504541
504, 495, 501, 505, 506, 2504576
506, 497, 502, 506, 508, 2504611
504, 495, 500, 505, 506, 2504646
505, 495, 501, 506, 506, 2504682
505, 495, 501, 505, 506, 2504717
506, 496, 502, 506, 507, 2504753
504, 495, 500, 505, 506, 2504787
507, 498, 503, 507, 509, 2504823
506, 497, 502, 506, 508, 2504858
506, 499, 502, 506, 509, 2504894
503, 495, 499, 504, 507, 2504929
505, 497, 502, 506, 508, 2504965
504, 495, 501, 505, 506, 2505000
505, 495, 501, 505, 506, 2505035
505, 495, 501, 505, 506, 2505071
504, 494, 500, 504, 505, 2505106
505, 495, 502, 506, 506, 2505142
505, 495, 501, 505, 506, 2505177
507, 499, 504, 508, 509, 2505212
505, 497, 500, 505, 507, 2505247
506, 498, 502, 506, 508, 2505283
504, 495, 501, 505, 506, 2505318
504, 495, 501, 505, 506, 2505354
505, 496, 501, 506, 507, 2505389
505, 49