06, 497, 502, 506, 508, 1767426
506, 497, 502, 505, 508, 1767461
505, 496, 501, 505, 507, 1767496
505, 496, 502, 505, 506, 1767532
506, 497, 503, 506, 507, 1767567
504, 495, 501, 505, 506, 1767603
505, 495, 502, 505, 506, 1767638
506, 496, 502, 506, 507, 1767673
507, 498, 504, 507, 509, 1767708
505, 495, 501, 505, 506, 1767744
506, 496, 502, 506, 507, 1767779
505, 496, 502, 505, 507, 1767815
506, 496, 502, 506, 507, 1767851
506, 497, 503, 506, 507, 1767885
506, 497, 503, 506, 507, 1767921
503, 494, 499, 503, 505, 1767956
508, 499, 504, 507, 509, 1767992
503, 493, 500, 504, 504, 1768027
505, 495, 501, 505, 505, 1768062
505, 494, 502, 506, 505, 1768097
505, 495, 501, 505, 505, 1768133
508, 499, 505, 508, 509, 1768168
504, 495, 500, 504, 505, 1768204
507, 499, 504, 507, 508, 1768239
505, 496, 501, 505, 507, 1768274
507, 499, 503, 507, 509, 1768309
503, 494, 500, 504, 505, 1768345
502, 492, 499, 504, 503, 1768381
506, 495, 503, 507, 506, 1768416
510, 502, 506, 509, 511, 1768452
510, 503, 505, 508, 513, 1768486
507, 502, 503, 507, 511, 1768522
504, 497, 500, 504, 507, 1768557
502, 494, 499, 503, 504, 1768593
505, 495, 503, 506, 505, 1768628
503, 492, 501, 504, 503, 1768664
506, 496, 504, 507, 506, 1768698
504, 493, 500, 505, 504, 1768734
505, 495, 501, 505, 505, 1768769
507, 497, 504, 507, 507, 1768805
505, 495, 501, 505, 506, 1768840
507, 499, 504, 507, 508, 1768876
504, 494, 500, 505, 505, 1768910
507, 498, 503, 507, 508, 1768946
508, 499, 504, 507, 509, 1768982
506, 498, 502, 506, 508, 1769017
505, 497, 501, 505, 507, 1769053
504, 495, 500, 505, 506, 1769088
505, 496, 502, 506, 507, 1769123
504, 494, 501, 504, 505, 1769158
506, 495, 503, 506, 506, 1769194
503, 493, 500, 504, 503, 1769229
505, 495, 502, 506, 505, 1769265
504, 493, 501, 505, 504, 1769299
507, 497, 504, 507, 507, 1769335
505, 494, 501, 505, 505, 1769370
508, 499, 504, 507, 509, 1769406
505, 496, 501, 505, 506, 1769441
508, 500, 504, 507, 510, 1769477
507, 498, 503, 506, 509, 1769512
506, 498, 501, 505, 509, 1769547
506, 498, 502, 505, 508, 1769583
505, 497, 502, 505, 507, 1769618
505, 496, 502, 505, 507, 1769654
504, 494, 501, 505, 505, 1769689
505, 495, 502, 505, 505, 1769724
505, 494, 502, 506, 505, 1769759
506, 496, 503, 506, 507, 1769795
505, 495, 502, 506, 506, 1769830
505, 495, 501, 505, 506, 1769866
508, 499, 504, 507, 509, 1769901
504, 495, 501, 505, 506, 1769936
507, 499, 503, 507, 509, 1769971
503, 494, 500, 504, 505, 1770007
506, 498, 503, 507, 508, 1770042
506, 497, 502, 506, 507, 1770078
506, 497, 503, 506, 508, 1770114
505, 496, 501, 505, 507, 1770148
505, 497, 502, 505, 507, 1770184
504, 494, 501, 504, 505, 1770219
505, 495, 502, 505, 506, 1770255
506, 496, 503, 506, 507, 1770290
506, 497, 502, 506, 507, 1770326
504, 494, 501, 504, 505, 1770360
506, 497, 503, 506, 507, 1770396
506, 496, 503, 506, 507, 1770431
507, 498, 503, 506, 508, 1770467
507, 498, 503, 507, 509, 1770502
505, 497, 501, 505, 508, 1770537
506, 497, 503, 506, 508, 1770572
504, 495, 501, 504, 506, 1770608
506, 497, 503, 506, 507, 1770644
505, 496, 501, 505, 506, 1770679
507, 498, 504, 507, 508, 1770715
506, 497, 502, 505, 507, 1770749
505, 496, 501, 505, 506, 1770785
504, 495, 501, 505, 506, 1770820
505, 496, 502, 506, 506, 1770856
505, 495, 501, 505, 506, 1770891
506, 496, 502, 506, 506, 1770927
504, 494, 500, 504, 505, 1770961
506, 496, 502, 506, 506, 1770997
506, 496, 503, 506, 506, 1771032
506, 497, 503, 506, 507, 1771068
506, 497, 502, 506, 507, 1771103
507, 498, 503, 506, 508, 1771139
505, 497, 501, 505, 508, 1771173
507, 499, 503, 506, 508, 1771209
504, 496, 501, 505, 506, 1771245
506, 495, 498, 508, 505, 1771280
511, 503, 501, 507, 497, 1771316
503, 495, 508, 502, 515, 1771351
503, 490, 498, 506, 508, 1771386
512, 504, 502, 510, 500, 1771421
503, 493, 505, 501, 510, 1771457
504, 491, 499, 506, 508, 1771492
510, 503, 502, 509, 500, 1771528
505, 497, 507, 503, 514, 1771563
503, 492, 498, 505, 509, 1771598
509, 501, 500, 507, 499, 1771633
502, 494, 506, 503, 512, 1771669
505, 492, 500, 507, 509, 1771704
510, 501, 499, 506, 496, 1771740
503, 497, 507, 502, 514, 1771776
501, 489, 498, 507, 509, 1771810
512, 501, 499, 508, 494, 1771846
503, 495, 508, 501, 510, 1771881
501, 489, 500, 507, 514, 1771917
513, 502, 500, 510, 495, 1771952
507, 500, 509, 502, 511, 1771987
501, 490, 501, 506, 515, 1772022
509, 500, 496, 509, 495, 1772058
508, 502, 510, 504, 511, 1772093
501, 490, 501, 505, 515, 1772129
510, 501, 498, 510, 497, 1772164
505, 499, 507, 502, 507, 1772199
501, 489, 501, 504, 515, 1772234
509, 499, 497, 509, 497, 1772270
506, 499, 508, 503, 507, 1772305
501, 490, 502, 505, 516, 1772341
511, 500, 498, 510, 498, 1772377
507, 502, 507, 504, 508, 1772411
501, 491, 503, 505, 517, 1772447
510, 500, 497, 510, 499, 1772482
506, 501, 507, 503, 506, 1772518
499, 488, 501, 502, 515, 1772553
510, 499, 498, 510, 499, 1772589
505, 498, 505, 502, 503, 1772623
501, 490, 505, 505, 517, 1772659
507, 496, 495, 508, 497, 1772694
509, 503, 508, 506, 506, 1772730
500, 490, 503, 503, 517, 1772765
509, 499, 498, 510, 501, 1772801
505, 498, 503, 502, 502, 1772835
501, 491, 505, 504, 517, 1772871
508, 497, 497, 510, 500, 1772907
510, 505, 508, 506, 506, 1772942
500, 491, 504, 503, 517, 1772978
508, 498, 496, 509, 502, 1773012
508, 502, 505, 504, 503, 1773048
500, 492, 505, 503, 518, 1773083
507, 496, 497, 509, 502, 1773119
509, 503, 504, 505, 503, 1773154
499, 491, 505, 502, 516, 1773190
508, 497, 497, 510, 503, 1773224
508, 500, 503, 504, 499, 1773260
501, 492, 507, 503, 517, 1773295
506, 494, 495, 508, 502, 1773331
510, 502, 504, 505, 501, 1773366
499, 490, 506, 502, 515, 1773402
506, 494, 496, 509, 502, 1773436
510, 502, 504, 506, 500, 1773472
501, 493, 508, 503, 517, 1773508
506, 494, 495, 509, 505, 1773543
510, 503, 503, 506, 500, 1773579
501, 492, 508, 502, 515, 1773614
505, 493, 495, 508, 505, 1773649
511, 504, 504, 507, 500, 1773684
503, 495, 509, 503, 518, 1773720
505, 494, 495, 508, 506, 1773755
513, 506, 504, 508, 501, 1773791
501, 493, 506, 501, 516, 1773826
504, 493, 496, 508, 506, 1773861
511, 502, 503, 507, 497, 1773896
498, 489, 504, 499, 511, 1773932
505, 492, 498, 510, 506, 1773967
510, 501, 501, 507, 495, 1774003
502, 493, 509, 502, 515, 1774039
505, 492, 497, 509, 506, 1774073
513, 505, 503, 509, 499, 1774109
503, 495, 507, 501, 517, 1774144
506, 494, 499, 510, 509, 1774180
511, 504, 501, 507, 498, 1774215
504, 496, 508, 502, 516, 1774251
503, 492, 497, 508, 508, 1774285
512, 504, 501, 508, 497, 1774321
502, 494, 507, 501, 514, 1774356
503, 490, 499, 508, 509, 1774392
510, 501, 499, 507, 494, 1774427
501, 492, 506, 500, 511, 1774462
504, 491, 501, 510, 510, 1774497
511, 502, 499, 508, 495, 1774533
505, 497, 509, 502, 515, 1774568
502, 490, 499, 508, 511, 1774604
511, 503, 499, 508, 496, 1774640
506, 498, 510, 503, 515, 1774674
499, 487, 497, 505, 509, 1774710
513, 504, 501, 510, 496, 1774745
502, 494, 505, 500, 510, 1774781
504, 492, 503, 509, 515, 1774816
512, 503, 499, 509, 496, 1774852
506, 498, 508, 501, 513, 1774886
501, 490, 501, 507, 514, 1774922
511, 503, 498, 509, 496, 1774957
505, 498, 507, 502, 511, 1774993
500, 487, 500, 505, 513, 1775028
509, 499, 497, 508, 493, 1775064
505, 497, 507, 501, 509, 1775098
503, 490, 504, 508, 516, 1775134
509, 500, 496, 508, 494, 1775170
507, 501, 509, 503, 510, 1775205
499, 487, 501, 505, 514, 1775241
511, 502, 498, 510, 495, 1775276
507, 501, 507, 503, 509, 1775311
500, 489, 502, 505, 517, 1775346
510, 500, 497, 509, 496, 1775382
508, 502, 507, 503, 509, 1775417
498, 487, 502, 504, 516, 1775453
511, 502, 499, 511, 497, 1775488
506, 500, 505, 502, 506, 1775523
502, 491, 504, 506, 520, 1775558
503, 498, 502, 507, 509, 1775594
505, 496, 501, 505, 506, 1775629
507, 498, 503, 506, 508, 1775665
504, 495, 501, 504, 506, 1775699
505, 496, 502, 505, 507, 1775735
505, 494, 502, 505, 505, 1775771
505, 495, 502, 505, 505, 1775806
506, 496, 503, 506, 506, 1775842
504, 494, 501, 505, 505, 1775877
508, 498, 504, 507, 508, 1775912
505, 495, 501, 505, 506, 1775947
506, 497, 502, 506, 507, 1775983
505, 496, 502, 505, 506, 1776018
507, 498, 503, 506, 508, 1776054
506, 497, 502, 505, 507, 1776089
505, 496, 502, 506, 507, 1776124
503, 494, 499, 503, 505, 1776159
506, 497, 503, 506, 507, 1776195
503, 493, 499, 503, 503, 1776230
505, 496, 502, 506, 506, 1776266
506, 496, 503, 506, 506, 1776302
506, 497, 502, 506, 507, 1776336
508, 500, 504, 508, 509, 1776372
506, 498, 502, 506, 508, 1776407
506, 498, 502, 505, 508, 1776443
504, 496, 501, 504, 507, 1776478
504, 496, 501, 505, 506, 1776514
507, 498, 503, 507, 508, 1776548
507, 498, 503, 506, 508, 1776584
506, 499, 503, 506, 509, 1776619
504, 495, 500, 504, 506, 1776655
505, 496, 501, 505, 507, 1776690
504, 494, 501, 505, 505, 1776726
506, 496, 502, 506, 506, 1776760
503, 493, 501, 504, 503, 1776796
504, 494, 501, 505, 504, 1776831
505, 494, 503, 506, 505, 1776867
506, 495, 502, 506, 505, 1776903
505, 495, 502, 506, 505, 1776937
506, 496, 502, 506, 506, 1776973
508, 499, 504, 507, 509, 1777008
506, 498, 502, 506, 508, 1777044
507, 499, 503, 506, 509, 1777079
503, 494, 500, 504, 505, 1777115
505, 495, 501, 505, 506, 1777149
505, 495, 502, 505, 506, 1777185
505, 496, 502, 506, 507, 1777220
506, 497, 503, 506, 507, 1777256
506, 497, 502, 506, 507, 1777291
506, 498, 503, 506, 508, 1777327
507, 499, 503, 507, 509, 1777361
504, 496, 501, 504, 507, 1777397
506, 497, 503, 506, 507, 1777433
504, 495, 500, 504, 505, 1777468
507, 498, 503, 507, 508, 1777504
505, 496, 502, 505, 506, 1777539
505, 496, 502, 505, 506, 1777574
504, 495, 501, 505, 505, 1777609
506, 495, 502, 505, 506, 1777645
505, 495, 502, 505, 505, 1777680
507, 497, 503, 507, 507, 1777716
504, 494, 500, 504, 505, 1777751
506, 496, 502, 505, 507, 1777786
506, 497, 504, 507, 507, 1777821
505, 495, 501, 505, 506, 1777857
507,