06, 498, 503, 506, 508, 1907522
505, 496, 502, 505, 507, 1907558
505, 497, 501, 505, 507, 1907593
506, 497, 503, 506, 507, 1907629
505, 496, 501, 505, 506, 1907663
505, 497, 502, 505, 507, 1907699
506, 497, 502, 506, 507, 1907734
503, 494, 500, 504, 505, 1907770
505, 496, 502, 506, 506, 1907805
503, 493, 501, 504, 504, 1907841
506, 497, 502, 506, 507, 1907875
506, 496, 503, 506, 506, 1907911
504, 495, 501, 504, 505, 1907946
507, 498, 505, 507, 508, 1907982
505, 496, 501, 505, 507, 1908017
507, 499, 503, 507, 509, 1908052
505, 496, 501, 505, 507, 1908087
505, 497, 503, 506, 507, 1908123
504, 495, 500, 504, 506, 1908159
505, 495, 502, 505, 506, 1908194
505, 496, 502, 506, 506, 1908230
506, 496, 502, 506, 507, 1908264
506, 498, 503, 506, 508, 1908300
506, 497, 502, 505, 508, 1908335
507, 499, 504, 506, 508, 1908371
504, 495, 501, 504, 506, 1908406
506, 497, 502, 506, 507, 1908442
504, 495, 501, 505, 505, 1908476
505, 496, 502, 505, 507, 1908512
503, 493, 501, 504, 504, 1908547
504, 494, 501, 505, 504, 1908583
505, 494, 502, 505, 504, 1908618
503, 492, 500, 504, 503, 1908654
507, 496, 503, 507, 506, 1908689
504, 493, 500, 504, 503, 1908724
507, 497, 504, 507, 507, 1908760
505, 495, 501, 505, 505, 1908795
507, 498, 503, 507, 508, 1908831
506, 498, 502, 506, 508, 1908866
507, 499, 503, 507, 509, 1908901
506, 499, 502, 506, 509, 1908936
506, 499, 502, 506, 509, 1908972
506, 499, 502, 505, 509, 1909007
506, 499, 503, 506, 509, 1909043
502, 493, 499, 503, 504, 1909078
504, 495, 501, 505, 505, 1909113
502, 491, 499, 503, 502, 1909148
504, 493, 502, 505, 504, 1909184
504, 492, 501, 504, 502, 1909219
505, 493, 502, 505, 504, 1909255
505, 494, 502, 505, 504, 1909291
506, 495, 502, 506, 505, 1909325
506, 495, 503, 506, 506, 1909361
506, 496, 503, 506, 507, 1909396
505, 495, 502, 505, 506, 1909432
506, 497, 503, 506, 508, 1909467
507, 498, 503, 506, 509, 1909502
507, 500, 503, 507, 510, 1909537
505, 498, 502, 505, 508, 1909573
504, 496, 501, 505, 507, 1909608
505, 495, 502, 505, 507, 1909644
505, 496, 502, 505, 507, 1909679
503, 493, 500, 504, 504, 1909714
505, 495, 502, 505, 506, 1909749
505, 495, 503, 506, 506, 1909785
507, 498, 503, 507, 509, 1909821
506, 496, 502, 506, 507, 1909856
505, 496, 500, 505, 507, 1909892
505, 496, 502, 505, 507, 1909926
504, 495, 501, 504, 506, 1909962
506, 497, 504, 506, 507, 1909997
503, 494, 501, 504, 504, 1910033
506, 496, 502, 506, 507, 1910068
505, 495, 501, 505, 506, 1910104
506, 497, 503, 506, 507, 1910138
505, 496, 502, 505, 506, 1910174
506, 496, 502, 505, 507, 1910209
505, 496, 501, 505, 506, 1910245
506, 497, 503, 506, 507, 1910280
505, 495, 502, 505, 506, 1910316
504, 495, 501, 504, 506, 1910350
506, 497, 503, 506, 507, 1910386
505, 496, 501, 505, 506, 1910422
508, 500, 505, 507, 510, 1910457
504, 495, 501, 504, 506, 1910493
506, 498, 502, 506, 508, 1910528
505, 496, 502, 505, 507, 1910563
505, 497, 502, 505, 507, 1910598
506, 498, 503, 506, 508, 1910634
503, 494, 500, 504, 505, 1910669
506, 497, 503, 506, 507, 1910705
502, 492, 499, 503, 503, 1910739
506, 497, 504, 507, 507, 1910775
504, 493, 501, 504, 504, 1910810
506, 497, 503, 506, 507, 1910846
505, 496, 502, 505, 506, 1910881
505, 495, 502, 505, 506, 1910917
506, 497, 504, 507, 507, 1910952
505, 496, 501, 505, 506, 1910987
506, 497, 503, 506, 507, 1911023
505, 496, 501, 504, 507, 1911058
508, 499, 505, 507, 509, 1911094
504, 495, 500, 504, 506, 1911129
507, 499, 503, 507, 509, 1911164
504, 494, 500, 504, 505, 1911199
506, 498, 503, 506, 508, 1911235
505, 496, 502, 505, 506, 1911270
505, 495, 502, 505, 506, 1911306
504, 494, 501, 505, 505, 1911341
506, 495, 503, 506, 506, 1911376
505, 495, 502, 505, 506, 1911411
507, 498, 503, 507, 508, 1911447
504, 495, 501, 504, 506, 1911482
506, 497, 502, 506, 507, 1911518
506, 496, 502, 505, 507, 1911554
506, 497, 503, 506, 507, 1911588
505, 496, 501, 505, 507, 1911624
505, 496, 503, 506, 507, 1911659
503, 493, 500, 503, 505, 1911695
505, 495, 503, 505, 505, 1911730
504, 493, 501, 504, 504, 1911766
507, 498, 504, 507, 507, 1911800
505, 496, 502, 505, 507, 1911836
508, 500, 505, 507, 509, 1911871
505, 497, 502, 505, 507, 1911907
506, 499, 503, 506, 509, 1911942
504, 496, 500, 504, 506, 1911977
506, 498, 502, 506, 508, 1912012
505, 495, 502, 505, 506, 1912048
505, 496, 502, 505, 507, 1912084
504, 495, 501, 505, 505, 1912119
505, 495, 501, 505, 506, 1912155
506, 496, 503, 506, 506, 1912189
505, 496, 502, 505, 506, 1912225
505, 495, 501, 505, 506, 1912260
505, 495, 502, 505, 505, 1912296
513, 496, 494, 506, 500, 1912331
507, 505, 511, 506, 495, 1912367
494, 486, 502, 503, 523, 1912401
516, 497, 495, 508, 505, 1912437
507, 504, 508, 504, 491, 1912472
496, 490, 506, 506, 524, 1912508
511, 494, 493, 506, 503, 1912543
509, 506, 509, 506, 494, 1912579
494, 488, 503, 504, 521, 1912613
514, 496, 494, 508, 507, 1912649
510, 506, 509, 506, 492, 1912685
492, 488, 503, 503, 520, 1912720
513, 494, 495, 507, 509, 1912756
510, 504, 507, 505, 489, 1912791
493, 490, 505, 504, 518, 1912826
510, 493, 494, 506, 510, 1912861
511, 503, 507, 506, 490, 1912897
494, 491, 506, 505, 516, 1912932
512, 495, 495, 507, 514, 1912968
514, 506, 506, 507, 493, 1913003
493, 492, 506, 505, 516, 1913038
509, 493, 493, 505, 511, 1913073
512, 503, 505, 505, 491, 1913109
493, 490, 506, 505, 513, 1913144
509, 493, 495, 505, 511, 1913180
513, 501, 504, 505, 490, 1913216
493, 491, 507, 506, 513, 1913250
508, 492, 495, 506, 513, 1913286
516, 504, 506, 506, 491, 1913321
494, 493, 507, 506, 514, 1913357
509, 495, 497, 507, 518, 1913392
516, 504, 502, 504, 492, 1913427
494, 494, 508, 506, 509, 1913462
504, 489, 494, 505, 515, 1913498
517, 504, 504, 505, 491, 1913533
493, 492, 508, 505, 509, 1913569
506, 491, 495, 506, 517, 1913604
518, 505, 504, 506, 492, 1913639
494, 494, 508, 506, 510, 1913674
504, 490, 495, 506, 518, 1913710
517, 503, 502, 504, 491, 1913745
495, 495, 510, 506, 508, 1913781
503, 489, 494, 505, 517, 1913817
518, 502, 503, 505, 491, 1913851
495, 494, 508, 505, 507, 1913887
505, 491, 497, 507, 520, 1913922
519, 504, 502, 505, 493, 1913958
495, 495, 509, 505, 506, 1913993
501, 487, 495, 505, 517, 1914029
520, 504, 503, 506, 495, 1914063
496, 496, 509, 505, 505, 1914099
502, 489, 496, 507, 520, 1914134
518, 502, 501, 505, 494, 1914170
498, 497, 509, 505, 504, 1914205
502, 490, 497, 507, 521, 1914241
519, 502, 501, 505, 495, 1914275
498, 496, 509, 504, 502, 1914311
500, 488, 497, 507, 520, 1914347
519, 503, 501, 506, 497, 1914382
501, 500, 511, 506, 503, 1914418
499, 488, 497, 506, 521, 1914452
519, 503, 501, 506, 497, 1914488
499, 497, 508, 504, 500, 1914523
500, 490, 500, 508, 523, 1914559
516, 500, 498, 504, 496, 1914594
503, 502, 511, 507, 502, 1914630
496, 486, 497, 505, 519, 1914664
517, 500, 498, 505, 499, 1914700
503, 501, 511, 506, 500, 1914735
496, 487, 499, 505, 520, 1914771
518, 501, 499, 506, 500, 1914806
503, 501, 509, 505, 499, 1914842
498, 490, 502, 507, 522, 1914876
517, 500, 497, 505, 501, 1914912
505, 503, 511, 506, 499, 1914948
496, 489, 500, 505, 521, 1914983
518, 501, 498, 507, 503, 1915019
504, 501, 507, 504, 496, 1915054
496, 490, 502, 506, 522, 1915089
515, 497, 495, 505, 501, 1915124
508, 506, 511, 507, 498, 1915160
497, 490, 503, 506, 523, 1915195
514, 497, 494, 505, 503, 1915231
506, 503, 509, 506, 495, 1915266
493, 486, 501, 503, 518, 1915301
513, 495, 495, 506, 503, 1915336
508, 503, 510, 507, 493, 1915372
495, 488, 503, 505, 520, 1915407
513, 495, 494, 507, 505, 1915443
509, 505, 509, 506, 492, 1915479
495, 489, 504, 504, 520, 1915513
513, 495, 495, 508, 507, 1915549
510, 505, 508, 506, 491, 1915584
493, 489, 504, 504, 519, 1915620
512, 495, 495, 507, 508, 1915655
511, 505, 506, 505, 490, 1915691
493, 488, 505, 504, 518, 1915725
510, 493, 493, 507, 509, 1915761
513, 506, 508, 506, 491, 1915796
493, 489, 505, 503, 518, 1915832
513, 495, 496, 509, 512, 1915867
511, 503, 504, 504, 487, 1915902
495, 492, 509, 505, 520, 1915937
508, 491, 492, 506, 510, 1915973
516, 508, 508, 507, 491, 1916008
493, 490, 507, 503, 517, 1916044
508, 492, 493, 507, 513, 1916080
516, 506, 506, 506, 489, 1916114
493, 492, 507, 504, 517, 1916150
510, 494, 495, 509, 516, 1916185
516, 506, 504, 505, 489, 1916221
493, 493, 508, 504, 516, 1916256
506, 496, 502, 507, 509, 1916292
505, 497, 502, 505, 506, 1916326
506, 498, 503, 506, 507, 1916362
505, 496, 501, 505, 506, 1916397
505, 496, 502, 505, 506, 1916433
505, 496, 502, 505, 506, 1916468
505, 496, 503, 506, 506, 1916504
504, 494, 501, 504, 505, 1916538
506, 496, 503, 506, 506, 1916574
504, 494, 501, 504, 504, 1916610
507, 497, 504, 507, 507, 1916645
505, 495, 502, 505, 505, 1916681
505, 496, 502, 505, 506, 1916716
506, 496, 503, 506, 506, 1916751
505, 496, 501, 505, 506, 1916786
506, 497, 503, 506, 507, 1916822
504, 494, 500, 504, 505, 1916857
507, 497, 504, 507, 507, 1916893
505, 496, 501, 505, 506, 1916928
508, 500, 505, 508, 509, 1916963
503, 494, 499, 503, 505, 1916998
506, 497, 503, 506, 507, 1917034
505, 495, 502, 505, 506, 1917069
506, 497, 503, 506, 507, 1917105
505, 496, 502, 505, 506, 1917139
505, 495, 502, 505, 506, 1917175
504, 494, 501, 504, 505, 1917211
507, 497, 503, 507, 508, 1917246
505, 494, 501, 505, 505, 1917282
506, 497, 502, 506, 507, 1917317
505, 496, 503, 505, 506, 1917352
506, 496, 502, 505, 507, 1917387
506, 498, 503, 507, 508, 1917423
506, 497, 502, 505, 508, 1917458
507, 498, 503, 507, 509, 1917494
504, 495, 500, 504, 506, 1917529
508, 499, 505, 508, 510, 1917564
504, 495, 501, 504, 506, 1917599
505, 497, 502, 505, 505, 1917635
503, 494, 501, 504, 503, 1917670
504, 494, 501, 504, 504, 1917706
506, 497, 504, 506, 506, 1917742
507, 498, 504, 507, 508, 1917776
506, 497, 502, 506, 507, 1917812
505, 497, 502, 505, 508, 1917847
506, 497, 503, 506, 507, 1917883
503, 494, 500, 504, 505, 1917918
505, 495, 503, 506, 506, 1917954
502, 490, 499, 503, 502, 1917988
507, 496, 504, 507, 506, 1918024
505, 494, 502, 505, 505, 1918059
507, 497, 503, 507, 507, 1918095
505, 495, 502, 505, 506, 1918130
507, 498, 503, 506, 508, 1918166
507, 498, 503, 506, 509, 1918200
506, 498, 502, 506, 508, 1918236
505, 496, 502, 505, 506, 1918271
504, 495, 500, 504, 506, 1918307
506, 496, 503, 506, 507, 1918343
505, 495, 502, 505, 506, 1918377
507, 498, 504, 507, 508, 1918413
503, 493, 499, 503, 504, 1918448
507, 498, 504, 507, 508, 1918484
504, 494, 501, 504, 505, 1918519
507, 498, 504, 