40
504, 494, 500, 504, 505, 1229175
505, 495, 502, 506, 506, 1229211
505, 494, 501, 506, 506, 1229247
506, 495, 502, 506, 506, 1229282
506, 495, 502, 506, 506, 1229318
505, 493, 501, 505, 505, 1229352
507, 496, 503, 507, 507, 1229388
505, 494, 501, 506, 505, 1229423
507, 497, 503, 507, 508, 1229459
507, 498, 503, 507, 509, 1229494
506, 498, 501, 506, 509, 1229530
507, 499, 502, 507, 509, 1229564
506, 497, 502, 506, 509, 1229600
506, 497, 502, 506, 508, 1229635
505, 496, 501, 505, 508, 1229671
505, 495, 501, 505, 507, 1229706
505, 495, 501, 505, 506, 1229742
505, 494, 502, 506, 506, 1229777
505, 494, 501, 505, 506, 1229812
507, 496, 503, 507, 507, 1229848
507, 497, 502, 506, 507, 1229883
507, 497, 502, 507, 508, 1229919
505, 495, 502, 506, 507, 1229954
506, 496, 502, 506, 508, 1229989
506, 496, 502, 506, 507, 1230024
506, 497, 502, 506, 508, 1230060
506, 496, 502, 506, 507, 1230095
504, 495, 500, 505, 506, 1230131
506, 496, 502, 506, 507, 1230166
506, 497, 502, 506, 508, 1230201
506, 496, 502, 506, 508, 1230236
505, 495, 501, 505, 506, 1230272
505, 495, 501, 505, 506, 1230307
506, 496, 503, 507, 507, 1230343
506, 495, 501, 506, 507, 1230379
506, 496, 502, 506, 507, 1230413
507, 497, 502, 506, 508, 1230449
506, 496, 501, 506, 508, 1230484
507, 497, 503, 507, 508, 1230520
505, 495, 501, 505, 507, 1230555
505, 495, 501, 506, 506, 1230590
505, 495, 501, 505, 506, 1230625
505, 495, 501, 506, 506, 1230661
507, 496, 503, 507, 507, 1230696
506, 495, 502, 506, 507, 1230732
507, 497, 503, 507, 508, 1230767
505, 496, 501, 505, 507, 1230802
507, 498, 502, 507, 509, 1230837
506, 496, 502, 506, 508, 1230873
506, 497, 502, 506, 508, 1230909
507, 498, 502, 507, 509, 1230944
506, 497, 502, 506, 509, 1230980
506, 497, 502, 506, 508, 1231014
506, 497, 502, 506, 508, 1231050
504, 495, 500, 505, 506, 1231085
506, 496, 501, 506, 507, 1231121
506, 496, 502, 506, 507, 1231156
505, 494, 500, 505, 505, 1231192
505, 495, 501, 506, 506, 1231226
506, 495, 502, 506, 507, 1231262
506, 496, 502, 506, 507, 1231297
506, 496, 502, 506, 507, 1231333
505, 495, 501, 505, 506, 1231368
506, 495, 502, 506, 507, 1231404
507, 496, 502, 506, 507, 1231438
506, 496, 502, 506, 507, 1231474
506, 496, 502, 506, 507, 1231510
505, 495, 500, 505, 506, 1231545
506, 496, 502, 506, 507, 1231581
507, 497, 503, 507, 508, 1231616
506, 496, 502, 506, 507, 1231651
507, 498, 502, 507, 509, 1231686
506, 496, 502, 506, 507, 1231722
505, 495, 500, 505, 507, 1231757
507, 497, 503, 507, 508, 1231793
503, 493, 499, 504, 505, 1231827
505, 495, 501, 506, 506, 1231863
510, 490, 495, 509, 508, 1231898
504, 491, 502, 511, 508, 1231934
503, 503, 510, 499, 503, 1231969
511, 492, 495, 508, 509, 1232005
505, 492, 501, 511, 509, 1232040
504, 504, 510, 500, 504, 1232075
511, 495, 496, 508, 510, 1232111
507, 495, 502, 513, 512, 1232146
502, 503, 508, 498, 503, 1232182
512, 496, 497, 508, 511, 1232217
506, 493, 501, 513, 512, 1232252
503, 505, 510, 500, 505, 1232287
509, 494, 495, 505, 508, 1232323
506, 491, 500, 512, 510, 1232358
499, 498, 507, 497, 499, 1232394
511, 495, 499, 508, 508, 1232429
505, 488, 499, 512, 508, 1232464
503, 503, 510, 500, 504, 1232499
510, 496, 498, 506, 508, 1232535
509, 493, 500, 515, 513, 1232570
503, 504, 510, 501, 505, 1232606
510, 497, 497, 505, 508, 1232642
506, 489, 498, 513, 510, 1232676
501, 501, 509, 500, 503, 1232712
509, 496, 499, 505, 507, 1232747
508, 490, 498, 514, 511, 1232783
499, 498, 507, 499, 501, 1232818
511, 499, 501, 506, 508, 1232854
507, 488, 497, 513, 510, 1232888
501, 500, 508, 501, 503, 1232924
509, 497, 500, 504, 506, 1232959
509, 491, 497, 514, 512, 1232995
502, 501, 509, 502, 504, 1233030
508, 498, 500, 503, 506, 1233065
509, 490, 497, 514, 512, 1233100
502, 502, 509, 503, 506, 1233136
507, 498, 500, 502, 506, 1233172
509, 489, 496, 514, 511, 1233207
500, 498, 508, 502, 503, 1233243
508, 499, 501, 502, 505, 1233277
510, 489, 497, 514, 512, 1233313
501, 499, 507, 503, 505, 1233348
508, 501, 503, 502, 505, 1233384
508, 488, 494, 512, 510, 1233419
503, 500, 509, 505, 507, 1233455
507, 500, 502, 501, 505, 1233489
513, 493, 497, 516, 515, 1233525
500, 498, 506, 503, 505, 1233560
507, 502, 503, 501, 506, 1233596
510, 490, 495, 513, 512, 1233631
503, 500, 509, 506, 507, 1233667
507, 501, 503, 500, 505, 1233701
510, 490, 495, 513, 512, 1233737
500, 496, 506, 504, 505, 1233773
507, 502, 505, 501, 504, 1233808
510, 489, 495, 513, 511, 1233844
502, 497, 506, 505, 506, 1233879
505, 500, 504, 500, 503, 1233914
511, 490, 495, 514, 512, 1233949
501, 496, 505, 505, 505, 1233985
507, 502, 506, 501, 505, 1234020
507, 486, 491, 509, 508, 1234056
504, 498, 508, 508, 508, 1234091
503, 498, 503, 497, 500, 1234126
512, 491, 497, 513, 512, 1234161
502, 494, 505, 506, 505, 1234197
507, 504, 507, 501, 505, 1234232
512, 491, 495, 512, 512, 1234268
504, 497, 505, 507, 508, 1234304
505, 503, 507, 500, 504, 1234338
511, 491, 494, 511, 512, 1234374
504, 497, 506, 509, 510, 1234409
504, 503, 505, 498, 504, 1234445
512, 492, 496, 511, 512, 1234480
501, 492, 501, 506, 506, 1234515
505, 503, 508, 499, 504, 1234550
505, 495, 500, 505, 506, 1234586
508, 498, 504, 508, 509, 1234621
505, 495, 501, 505, 506, 1234657
505, 495, 501, 506, 507, 1234692
504, 493, 500, 505, 505, 1234727
508, 498, 504, 507, 508, 1234762
506, 496, 502, 506, 507, 1234798
506, 496, 501, 506, 507, 1234833
507, 498, 503, 507, 509, 1234869
506, 496, 501, 506, 508, 1234905
507, 498, 503, 507, 509, 1234939
504, 494, 500, 505, 506, 1234975
505, 496, 501, 505, 507, 1235010
506, 496, 502, 506, 507, 1235046
505, 495, 501, 505, 506, 1235081
507, 496, 503, 507, 507, 1235117
504, 493, 499, 504, 505, 1235151
506, 496, 503, 506, 507, 1235187
506, 495, 502, 506, 507, 1235222
507, 498, 503, 507, 508, 1235258
505, 495, 501, 505, 507, 1235293
507, 498, 502, 507, 509, 1235329
505, 496, 501, 505, 507, 1235363
507, 497, 503, 507, 508, 1235399
506, 496, 501, 505, 507, 1235435
507, 497, 502, 506, 507, 1235470
506, 496, 501, 505, 507, 1235506
506, 496, 502, 506, 507, 1235540
507, 497, 503, 506, 507, 1235576
507, 497, 502, 506, 508, 1235611
507, 497, 502, 506, 508, 1235647
505, 496, 501, 505, 507, 1235682
506, 495, 501, 505, 506, 1235718
506, 495, 502, 506, 506, 1235752
505, 495, 501, 505, 506, 1235788
508, 498, 504, 507, 509, 1235823
505, 495, 501, 505, 506, 1235859
507, 497, 503, 507, 508, 1235894
504, 494, 500, 504, 505, 1235930
508, 498, 503, 508, 509, 1235964
505, 495, 501, 505, 506, 1236000
507, 498, 503, 507, 509, 1236036
505, 495, 501, 505, 506, 1236071
505, 496, 501, 505, 507, 1236107
507, 497, 503, 507, 507, 1236142
506, 496, 502, 506, 508, 1236177
506, 496, 502, 506, 507, 1236212
506, 496, 501, 506, 507, 1236248
505, 495, 501, 505, 506, 1236283
505, 495, 501, 505, 506, 1236319
506, 495, 502, 506, 507, 1236354
506, 495, 501, 506, 507, 1236389
506, 497, 502, 506, 508, 1236424
507, 497, 502, 506, 508, 1236460
505, 495, 501, 505, 506, 1236495
505, 495, 501, 505, 506, 1236531
506, 495, 502, 506, 506, 1236567
506, 497, 502, 506, 508, 1236601
508, 498, 503, 507, 509, 1236637
506, 496, 501, 506, 508, 1236672
506, 496, 501, 505, 507, 1236708
505, 496, 501, 505, 507, 1236743
507, 497, 502, 507, 508, 1236779
505, 495, 502, 506, 507, 1236813
506, 495, 502, 506, 507, 1236849
505, 495, 501, 505, 506, 1236884
506, 496, 502, 506, 507