512, 517, 514, 40196
513, 502, 508, 514, 510, 40229
515, 504, 510, 515, 512, 40262
512, 501, 508, 514, 509, 40296
514, 503, 509, 515, 510, 40329
514, 502, 510, 515, 509, 40363
514, 503, 509, 515, 511, 40395
515, 504, 510, 516, 512, 40429
515, 504, 509, 515, 512, 40462
515, 505, 510, 516, 513, 40496
515, 505, 510, 516, 513, 40528
514, 504, 509, 515, 512, 40562
515, 505, 510, 516, 513, 40595
513, 502, 507, 514, 510, 40629
514, 504, 511, 516, 512, 40662
513, 502, 508, 514, 510, 40695
515, 504, 511, 516, 511, 40728
512, 501, 507, 513, 509, 40762
515, 504, 510, 516, 511, 40795
514, 503, 509, 515, 511, 40828
513, 502, 508, 514, 509, 40861
515, 504, 510, 516, 512, 40895
513, 502, 508, 514, 510, 40928
516, 506, 512, 517, 513, 40962
513, 502, 508, 514, 510, 40994
515, 505, 511, 516, 512, 41028
513, 502, 508, 514, 510, 41061
513, 502, 509, 514, 510, 41095
514, 503, 510, 515, 511, 41127
513, 502, 509, 515, 510, 41161
515, 503, 510, 515, 511, 41194
514, 503, 509, 515, 511, 41228
516, 506, 511, 516, 514, 41261
515, 505, 511, 516, 513, 41294
515, 505, 509, 515, 513, 41327
515, 505, 510, 515, 513, 41361
514, 505, 509, 515, 513, 41394
514, 503, 509, 515, 511, 41427
512, 502, 507, 513, 510, 41460
512, 500, 508, 514, 508, 41494
514, 502, 509, 514, 510, 41527
513, 501, 509, 514, 509, 41561
515, 503, 510, 515, 511, 41593
513, 501, 508, 514, 509, 41627
515, 504, 510, 516, 511, 41660
513, 502, 509, 514, 510, 41694
515, 504, 511, 516, 512, 41726
516, 504, 511, 516, 512, 41760
515, 504, 509, 515, 512, 41793
516, 506, 511, 516, 514, 41827
513, 503, 508, 514, 511, 41860
515, 505, 510, 516, 513, 41893
513, 502, 508, 514, 510, 41926
515, 505, 509, 515, 512, 41960
513, 502, 509, 514, 510, 41993
515, 505, 510, 515, 512, 42027
512, 501, 508, 513, 509, 42059
515, 504, 510, 515, 511, 42093
513, 502, 509, 514, 510, 42126
515, 505, 510, 516, 512, 42160
514, 504, 509, 515, 512, 42192
513, 503, 508, 514, 511, 42226
514, 504, 510, 515, 512, 42259
514, 503, 509, 514, 510, 42293
512, 501, 507, 513, 509, 42326
514, 503, 509, 515, 510, 42359
513, 501, 508, 514, 509, 42392
515, 504, 511, 516, 511, 42426
512, 501, 507, 514, 509, 42459
515, 504, 510, 516, 512, 42492
514, 503, 509, 515, 511, 42525
516, 505, 511, 516, 513, 42559
515, 504, 509, 515, 512, 42592
514, 504, 508, 514, 512, 42626
516, 506, 511, 516, 514, 42658
513, 502, 508, 514, 510, 42692
515, 506, 511, 516, 513, 42725
513, 502, 508, 514, 510, 42759
515, 505, 510, 515, 512, 42791
513, 502, 508, 514, 510, 42825
515, 505, 510, 516, 512, 42858
513, 502, 508, 514, 510, 42892
513, 502, 507, 514, 510, 42925
512, 500, 507, 513, 508, 42958
513, 501, 508, 514, 509, 42991
514, 503, 510, 516, 510, 43025
514, 503, 509, 515, 510, 43058
514, 503, 510, 515, 511, 43091
514, 503, 509, 515, 510, 43124
515, 504, 511, 516, 512, 43158
515, 505, 510, 516, 512, 43191
515, 504, 509, 515, 512, 43225
515, 504, 510, 515, 512, 43257
513, 503, 508, 514, 511, 43291
513, 502, 509, 515, 510, 43324
514, 504, 510, 515, 511, 43358
515, 505, 510, 516, 512, 43390
515, 505, 510, 516, 513, 43424
514, 504, 509, 515, 512, 43457
513, 503, 508, 514, 511, 43491
514, 503, 509, 515, 511, 43524
514, 503, 509, 515, 511, 43557
515, 505, 511, 516, 512, 43590
513, 502, 507, 513, 510, 43624
514, 503, 509, 515, 511, 43657
513, 503, 509, 514, 510, 43691
514, 504, 509, 515, 511, 43723
513, 502, 507, 514, 510, 43757
515, 505, 510, 516, 512, 43790
512, 501, 507, 513, 509, 43824
514, 503, 510, 515, 511, 43856
510, 499, 506, 512, 507, 43890
516, 506, 512, 517, 513, 43923
513, 502, 508, 514, 510, 43957
515, 506, 511, 516, 513, 43990
513, 502, 508, 514, 510, 44023
515, 505, 511, 516, 512, 44056
513, 503, 508, 514, 510, 44090
515, 506, 511, 516, 514, 44123
513, 503, 508, 514, 511, 44156
515, 504, 510, 515, 512, 44189
512, 502, 507, 513, 509, 44223
515, 504, 510, 515, 511, 44256
513, 502, 508, 514, 510, 44290
516, 505, 511, 516, 512, 44322
515, 505, 511, 516, 512, 44356
514, 503, 508, 514, 511, 44389
514, 503, 509, 515, 511, 44423
513, 502, 509, 514, 510, 44455
514, 503, 510, 515, 511, 44489
512, 501, 507, 513, 509, 44522
515, 504, 510, 516, 511, 44556
514, 502, 509, 514, 510, 44589
515, 504, 510, 515, 511, 44622
513, 502, 508, 514, 510, 44655
514, 503, 510, 515, 510, 44689
512, 501, 507, 513, 509, 44722
514, 503, 510, 515, 510, 44755
514, 503, 509, 515, 511, 44788
515, 504, 511, 516, 511, 44822
514, 503, 508, 514, 511, 44855
515, 505, 510, 516, 512, 44889
512, 502, 507, 513, 510, 44921
515, 504, 511, 516, 512, 44955
514, 503, 508, 514, 511, 44988
516, 505, 511, 516, 513, 45022
514, 504, 508, 514, 511, 45054
513, 502, 508, 514, 510, 45088
515, 505, 510, 516, 512, 45121
514, 503, 509, 515, 511, 45155
517, 507, 512, 517, 514, 45188
513, 504, 507, 514, 511, 45221
514, 506, 510, 516, 514, 45254
513, 503, 508, 514, 511, 45288
514, 504, 509, 515, 512, 45321
514, 503, 509, 514, 511, 45355
514, 504, 509, 515, 511, 45387
513, 503, 509, 514, 510, 45421
513, 501, 508, 514, 509, 45454
512, 501, 508, 514, 509, 45488
513, 501, 509, 514, 508, 45520
513, 501, 508, 514, 509, 45554
514, 502, 510, 515, 510, 45587
515, 504, 509, 515, 511, 45621
514, 502, 509, 514, 510, 45654
515, 504, 510, 516, 512, 45687
513, 502, 509, 514, 510, 45720
515, 504, 509, 515, 512, 45754
514, 503, 509, 515, 511, 45787
515, 505, 509, 515, 513, 45820
515, 504, 510, 515, 512, 45853
513, 503, 508, 514, 511, 45887
513, 503, 509, 514, 510, 45920
513, 502, 508, 514, 510, 45954
515, 504, 510, 515, 511, 45986
514, 503, 510, 515, 511, 46020
516, 506, 511, 516, 513, 46053
513, 502, 508, 514, 510, 46087
514, 506, 510, 516, 513, 46119
513, 503, 509, 514, 510, 46153
515, 506, 510, 516, 513, 46186
513, 502, 508, 514, 510, 46220
514, 504, 509, 514, 511, 46253
513, 501, 508, 514, 509, 46286
515, 504, 509, 515, 511, 46319
513, 501, 509, 514, 509, 46353
515, 504, 509, 515, 511, 46386
513, 501, 509, 514, 509, 46419
515, 506, 511, 517, 513, 46452
514, 503, 509, 515, 511, 46486
515, 505, 509, 515, 512, 46519
513, 503, 508, 514, 511, 46553
515, 505, 510, 516, 512, 46585
512, 501, 507, 513, 509, 46619
514, 502, 509, 515, 510, 46652
513, 501, 508, 514, 509, 46686
514, 502, 509, 515, 510, 46718
512, 501, 507, 513, 508, 46752
515, 503, 510, 516, 511, 46785
515, 503, 510, 516, 511, 46819
516, 505, 511, 516, 513, 46852
515, 506, 510, 516, 513, 46885
514, 504, 509, 515, 512, 46918
515, 506, 510, 516, 513, 46952
513, 502, 508, 514, 510, 46985
516, 507, 511, 516, 514, 47019
513, 503, 509, 514, 511, 47051
514, 504, 509, 515, 511, 47085
514, 504, 510, 515, 511, 47118
513, 503, 508, 514, 510, 47152
515, 504, 510, 516, 512, 47184
513, 503, 508, 514, 510, 47218
514, 503, 509, 515, 511, 47251
512, 501, 508, 513, 508, 47285
514, 503, 510, 515, 510, 47318
513, 501, 508, 514, 509, 47351
515, 503, 510, 515, 511, 47384
514, 503, 510, 515, 511, 47418
515, 504, 509, 515, 512, 47451
514, 504, 509, 515, 512, 47484
515, 505, 510, 515, 512, 47517
514, 504, 510, 515, 512, 47551
516, 506, 511, 516, 514, 47584
512, 502, 507, 513, 510, 47618
514, 505, 510, 516, 512, 47650
511, 499, 506, 512, 508, 47684
515, 503, 510, 516, 511, 47717
513, 501, 509, 514, 509, 47751
514, 503, 510, 515, 510, 47783
514, 503, 509, 515, 510, 47817
515, 503, 510, 515, 511, 47850
513, 502, 509, 514, 510, 47884
515, 504, 510, 516, 512, 47917
514, 503, 509, 515, 511, 47950
516, 505, 511, 516, 513, 47983
512, 502, 506, 513, 510, 48017
516, 506, 512, 517, 513, 48050
513, 502, 507, 513, 510, 48083
514, 503, 510, 515, 511, 48116
514, 504, 509, 515, 512, 48150
514, 504, 509, 514, 511, 48183
514, 504, 509, 515, 512, 48217
514, 503, 509, 514, 511, 48249
514, 504, 509, 515, 512, 48283
514, 503, 508, 515, 511, 48316
514, 504, 510, 515, 512, 48350
512, 502, 508, 513, 509, 48382
512, 502, 508, 514, 509, 48416
513, 502, 509, 515, 510, 48449
514, 502, 509, 515, 510, 48483
513, 502, 509, 514, 510, 48516
514, 503, 509, 515, 511, 48549
515, 504, 510, 516, 512, 48582
515, 505, 510, 516, 512, 48616
514, 505, 509, 515, 512, 48649
514, 503, 508, 514, 511, 48683
516, 506, 511, 516, 514, 48715
514, 504, 509, 514, 511, 48749
515, 506, 510, 516, 513, 48782
511, 501, 506, 513, 509, 48816
514, 503, 509, 514, 510, 48848
511, 499, 506, 512, 507, 48882
515, 504, 511, 516, 511, 48915
512, 500, 507, 514, 508, 48949
515, 505, 510, 516, 512, 48982
513, 501, 507, 513, 509, 49015
516, 506, 511, 517, 513, 49048
513, 503, 508, 514, 511, 49082
516, 507, 512, 517, 514, 49115
511, 501, 506, 512, 509, 49148
515, 505, 511, 516, 512, 49181
512, 501, 507, 513, 509, 49215
515, 504, 510, 515, 511, 49248
514, 503, 509, 514, 510, 4928