, 500, 508, 513, 509, 57735
513, 502, 508, 513, 510, 57767
513, 501, 507, 513, 510, 57801
513, 502, 509, 514, 511, 57834
511, 500, 505, 511, 509, 57868
513, 502, 509, 514, 510, 57901
513, 501, 507, 513, 510, 57934
513, 501, 509, 514, 511, 57967
510, 499, 505, 511, 508, 58001
514, 503, 509, 515, 511, 58034
512, 501, 507, 513, 510, 58067
513, 502, 508, 514, 511, 58100
510, 499, 506, 511, 508, 58134
513, 501, 508, 513, 510, 58167
514, 502, 509, 514, 511, 58201
512, 500, 507, 513, 509, 58233
513, 503, 508, 514, 511, 58267
513, 502, 508, 513, 511, 58300
513, 503, 508, 514, 512, 58334
512, 501, 507, 513, 510, 58366
513, 502, 508, 513, 511, 58400
512, 501, 508, 513, 510, 58433
512, 501, 507, 513, 510, 58467
512, 501, 507, 513, 510, 58500
513, 501, 508, 513, 510, 58533
511, 499, 507, 512, 508, 58566
513, 501, 508, 513, 510, 58600
513, 502, 508, 513, 511, 58633
514, 502, 509, 514, 511, 58667
510, 499, 505, 511, 508, 58699
513, 501, 509, 514, 510, 58733
511, 500, 506, 512, 509, 58766
515, 503, 511, 515, 512, 58800
511, 500, 506, 512, 509, 58832
516, 505, 511, 516, 514, 58866
514, 503, 508, 514, 512, 58899
513, 503, 508, 514, 512, 58933
512, 502, 506, 512, 511, 58966
513, 503, 509, 514, 512, 58999
513, 503, 508, 514, 512, 59032
511, 500, 507, 512, 510, 59066
512, 501, 507, 512, 510, 59099
512, 500, 507, 513, 509, 59132
511, 500, 507, 513, 509, 59165
512, 501, 508, 513, 510, 59199
514, 502, 509, 514, 511, 59232
514, 502, 509, 514, 511, 59266
512, 501, 507, 513, 510, 59298
511, 500, 507, 512, 509, 59332
512, 500, 507, 513, 509, 59365
511, 500, 507, 513, 509, 59399
512, 500, 507, 513, 509, 59431
512, 500, 507, 513, 509, 59465
514, 502, 509, 514, 511, 59498
510, 498, 506, 511, 508, 59532
514, 502, 509, 514, 510, 59565
513, 502, 508, 514, 511, 59598
513, 501, 508, 514, 511, 59631
514, 504, 509, 514, 512, 59665
513, 502, 507, 513, 512, 59698
514, 504, 509, 514, 512, 59731
512, 501, 507, 513, 511, 59764
511, 500, 506, 511, 509, 59798
513, 502, 509, 514, 511, 59831
513, 502, 509, 514, 511, 59865
512, 500, 507, 512, 509, 59897
512, 501, 507, 513, 510, 59931
513, 501, 508, 513, 510, 59964
513, 502, 509, 514, 511, 59998
513, 502, 508, 513, 510, 60030
513, 503, 508, 514, 512, 60064
513, 502, 508, 513, 511, 60097
511, 500, 507, 512, 509, 60131
511, 500, 507, 512, 509, 60164
513, 501, 508, 513, 510, 60197
513, 501, 508, 513, 510, 60230
513, 501, 508, 513, 510, 60264
512, 501, 507, 513, 511, 60297
514, 503, 509, 514, 511, 60331
513, 502, 508, 514, 511, 60363
513, 502, 508, 513, 511, 60397
514, 503, 508, 514, 512, 60430
511, 500, 507, 512, 510, 60464
513, 502, 508, 513, 510, 60496
512, 501, 507, 513, 509, 60530
514, 504, 510, 515, 512, 60563
511, 500, 507, 512, 509, 60597
514, 503, 509, 514, 512, 60630
512, 502, 507, 513, 511, 60663
514, 504, 509, 514, 513, 60696
511, 501, 506, 512, 510, 60730
514, 503, 509, 514, 512, 60763
512, 501, 508, 513, 511, 60796
513, 502, 508, 514, 511, 60829
512, 501, 507, 513, 510, 60863
512, 501, 507, 513, 510, 60896
513, 502, 509, 514, 511, 60930
510, 498, 506, 511, 507, 60962
512, 500, 507, 513, 509, 60996
511, 499, 507, 512, 508, 61029
514, 502, 509, 514, 510, 61063
511, 499, 506, 512, 508, 61095
513, 501, 507, 513, 510, 61129
513, 501, 508, 514, 510, 61162
515, 504, 510, 515, 512, 61196
504, 500, 514, 517, 508, 61229
508, 504, 505, 520, 507, 61262
517, 500, 499, 507, 509, 61295
520, 501, 513, 508, 517, 61329
506, 502, 515, 517, 510, 61362
508, 505, 505, 520, 507, 61395
518, 501, 500, 508, 510, 61428
520, 501, 513, 508, 517, 61462
507, 504, 517, 518, 512, 61495
507, 504, 503, 519, 507, 61529
517, 501, 499, 507, 510, 61561
518, 500, 511, 507, 515, 61595
505, 501, 515, 517, 509, 61628
506, 502, 504, 518, 505, 61662
519, 501, 500, 508, 510, 61694
519, 501, 513, 508, 516, 61728
507, 503, 516, 519, 511, 61761
509, 503, 504, 519, 507, 61795
518, 501, 500, 507, 510, 61828
519, 502, 513, 509, 517, 61861
505, 502, 515, 518, 510, 61894
506, 500, 501, 516, 504, 61928
519, 501, 501, 508, 510, 61961
518, 501, 511, 508, 516, 61995
505, 501, 515, 518, 509, 62027
505, 498, 501, 516, 503, 62061
520, 500, 502, 508, 509, 62094
517, 498, 510, 507, 512, 62128
505, 501, 515, 519, 509, 62160
506, 499, 502, 516, 504, 62194
522, 503, 504, 509, 512, 62227
519, 501, 511, 508, 515, 62261
505, 502, 514, 519, 509, 62294
507, 501, 502, 517, 506, 62327
521, 503, 504, 508, 512, 62360
517, 501, 511, 508, 515, 62394
505, 503, 514, 519, 509, 62427
508, 502, 502, 517, 508, 62460
521, 503, 504, 508, 512, 62493
516, 499, 509, 507, 510, 62527
503, 500, 513, 518, 507, 62560
507, 499, 502, 516, 505, 62594
521, 501, 504, 508, 511, 62626
516, 499, 510, 507, 512, 62660
505, 503, 514, 520, 508, 62693
508, 500, 502, 516, 506, 62727
522, 502, 505, 508, 513, 62759
518, 502, 513, 510, 516, 62793
504, 503, 512, 519, 509, 62826
509, 502, 503, 517, 508, 62860
520, 501, 503, 507, 512, 62893
516, 500, 512, 508, 513, 62926
504, 502, 513, 520, 508, 62959
507, 499, 500, 515, 505, 62993
522, 503, 505, 508, 513, 63026
517, 501, 513, 509, 514, 63059
506, 504, 514, 520, 510, 63092
507, 500, 500, 515, 506, 63126
522, 503, 505, 508, 515, 63159
517, 501, 513, 509, 515, 63193
503, 502, 512, 519, 507, 63225
507, 498, 500, 515, 505, 63259
522, 503, 505, 508, 514, 63292
516, 500, 512, 508, 513, 63326
504, 502, 513, 520, 507, 63358
507, 498, 500, 515, 504, 63392
523, 503, 506, 509, 514, 63425
518, 502, 514, 510, 515, 63459
503, 502, 511, 519, 507, 63492
510, 502, 502, 516, 508, 63525
521, 502, 503, 507, 513, 63558
517, 502, 514, 510, 515, 63592
502, 501, 510, 518, 507, 63625
510, 502, 503, 517, 507, 63659
520, 501, 503, 507, 511, 63691
515, 499, 511, 508, 513, 63725
502, 499, 511, 518, 506, 63758
511, 500, 502, 517, 506, 63792
521, 502, 505, 507, 512, 63824
517, 502, 513, 510, 515, 63858
503, 501, 511, 519, 507, 63891
510, 501, 502, 516, 506, 63925
520, 500, 503, 506, 511, 63958
516, 502, 514, 510, 516, 63991
504, 502, 514, 520, 508, 64024
512, 503, 502, 517, 508, 64058
520, 501, 503, 506, 512, 64091
518, 504, 515, 511, 518, 64124
502, 500, 511, 519, 507, 64157
511, 501, 501, 515, 506, 64191
520, 500, 502, 505, 511, 64224
518, 504, 516, 512, 517, 64258
503, 501, 511, 520, 507, 64290
510, 501, 501, 515, 506, 64324
521, 502, 504, 506, 513, 64357
515, 501, 514, 510, 515, 64391
503, 502, 512, 520, 508, 64423
510, 501, 500, 515, 506, 64457
523, 504, 505, 507, 515, 64490
514, 500, 514, 510, 515, 64524
502, 501, 510, 520, 506, 64557
510, 500, 500, 514, 505, 64590
523, 504, 505, 507, 515, 64623
514, 501, 514, 510, 514, 64657
501, 500, 509, 519, 506, 64690
508, 497, 498, 512, 502, 64723
522, 501, 506, 507, 513, 64756
514, 500, 515, 512, 513, 64790
503, 502, 512, 521, 507, 64823
514, 503, 503, 516, 508, 64857
522, 502, 504, 506, 514, 64889
515, 502, 515, 512, 515, 64923
502, 501, 510, 520, 507, 64956
514, 503, 502, 516, 508, 64990
521, 502, 504, 505, 514, 65022
513, 500, 513, 510, 514, 65056
500, 498, 509, 518, 504, 65089
510, 498, 500, 514, 503, 65123
521, 500, 505, 506, 512, 65156
514, 501, 515, 512, 514, 65189
501, 500, 510, 520, 505, 65222
512, 500, 501, 515, 505, 65256
521, 500, 504, 505, 512, 65289
516, 503, 516, 513, 516, 65323
503, 501, 509, 520, 507, 65355
514, 504, 509, 515, 513, 65389
511, 501, 506, 512, 510, 65422
515, 505, 510, 515, 513, 65456
509, 498, 505, 510, 508, 65488
514, 502, 509, 514, 511, 65522
510, 499, 506, 511, 508, 65555
516, 505, 511, 516, 514, 65589
510, 499, 506, 511, 508, 65622
513, 501, 507, 513, 510, 65655
512, 500, 507, 513, 509, 65688
513, 502, 509, 514, 511, 65722
512, 500, 507, 513, 510, 65755
514, 502, 508, 514, 511, 65788
512, 500, 507, 513, 509, 65821
513, 501, 508, 513, 510, 65855
512, 501, 508, 513, 510, 65888
512, 500, 507, 512, 510, 65922
513, 501, 508, 514, 510, 65954
511, 500, 507, 512, 509, 65988
515, 504, 511, 515, 513, 66021
513, 501, 507, 513, 510, 66055
515, 505, 510, 515, 513, 66087
510, 499, 505, 511, 509, 66121
513, 503, 508, 513, 512, 66154
512, 501, 507, 513, 510, 66188
512, 502, 508, 513, 511, 66221
510, 500, 506, 511, 509, 66254
514, 503, 510, 515, 512, 66287
512, 501, 507, 513, 510, 66321
513, 502, 508, 514, 511, 66354
512, 501, 507, 513, 510, 66387
513, 502, 508, 514, 511, 66420
511, 500, 507, 512, 509, 66454
511, 500, 507, 512, 509, 66487
511, 499, 507, 513, 508, 66521
513, 501, 509, 514, 509, 66553
513, 500, 508, 513, 509, 66587
512, 500, 507, 513, 509, 66620
515, 503, 510, 515, 512, 66654
511, 500, 506, 512, 509, 66686
514, 503, 510, 515, 512, 66720
512, 501, 506, 512, 510, 66753
516, 506, 511, 516, 515, 66787
512, 502, 506, 512, 511, 66820
513, 504, 508, 514, 514, 66853
511, 501, 506, 512, 510, 66886
513, 503, 509, 514, 512, 66920
510, 499, 506, 511, 508, 66953
514, 503, 509, 514, 512, 66987
511, 501, 507, 512, 510, 67019
514, 503, 509, 514, 512, 67053
511, 500, 506, 512, 509, 67086
512, 500, 507, 512, 509, 67120
512, 500, 508, 513, 