, 501, 506, 512, 510, 350296
509, 499, 504, 510, 509, 350330
509, 498, 504, 510, 508, 350364
509, 498, 504, 510, 508, 350399
509, 498, 505, 511, 508, 350433
509, 498, 504, 510, 508, 350468
509, 498, 505, 510, 508, 350501
510, 499, 505, 511, 509, 350536
509, 498, 505, 510, 508, 350570
510, 500, 505, 511, 509, 350605
509, 498, 504, 510, 508, 350639
512, 501, 506, 512, 511, 350673
508, 497, 504, 509, 507, 350707
511, 501, 506, 512, 511, 350742
509, 498, 504, 510, 508, 350776
511, 501, 505, 511, 510, 350811
509, 498, 505, 510, 509, 350844
510, 499, 504, 510, 509, 350879
510, 500, 506, 511, 509, 350913
510, 500, 505, 511, 510, 350948
508, 496, 503, 509, 507, 350982
509, 497, 504, 510, 507, 351016
508, 496, 504, 510, 506, 351050
511, 499, 507, 512, 509, 351085
509, 497, 504, 510, 507, 351120
511, 500, 506, 511, 509, 351154
509, 498, 504, 510, 508, 351188
512, 501, 507, 513, 510, 351222
510, 499, 505, 510, 509, 351257
511, 501, 506, 512, 510, 351291
510, 499, 504, 510, 509, 351326
511, 500, 506, 512, 510, 351360
508, 497, 503, 509, 507, 351394
509, 498, 505, 510, 508, 351428
509, 497, 504, 510, 507, 351463
512, 501, 508, 513, 510, 351497
509, 497, 503, 509, 507, 351532
512, 501, 507, 513, 511, 351565
509, 498, 503, 509, 508, 351600
511, 500, 506, 512, 510, 351634
507, 496, 503, 509, 506, 351669
510, 499, 506, 511, 509, 351703
508, 497, 503, 509, 506, 351737
511, 500, 506, 512, 509, 351771
508, 497, 504, 510, 507, 351806
510, 499, 506, 511, 509, 351840
509, 497, 504, 510, 507, 351875
512, 501, 507, 513, 510, 351908
509, 498, 503, 510, 508, 351943
511, 501, 507, 512, 510, 351977
510, 500, 505, 511, 510, 352012
510, 501, 506, 511, 510, 352046
508, 497, 503, 509, 507, 352080
509, 498, 505, 510, 508, 352114
510, 499, 505, 511, 509, 352149
510, 499, 506, 511, 509, 352184
508, 497, 503, 509, 507, 352218
510, 499, 506, 511, 509, 352252
510, 498, 504, 510, 508, 352286
513, 502, 508, 514, 512, 352321
509, 499, 504, 510, 509, 352355
510, 499, 505, 511, 509, 352390
509, 498, 504, 510, 508, 352423
511, 501, 506, 511, 510, 352458
509, 499, 505, 510, 509, 352492
510, 500, 505, 510, 509, 352527
510, 500, 505, 511, 509, 352561
508, 497, 504, 509, 507, 352595
509, 498, 505, 510, 508, 352629
507, 496, 503, 509, 506, 352664
510, 499, 505, 511, 508, 352698
510, 499, 506, 511, 509, 352733
509, 497, 504, 510, 507, 352766
515, 497, 508, 508, 515, 352801
513, 504, 509, 516, 504, 352835
507, 501, 500, 509, 503, 352870
507, 492, 503, 506, 516, 352904
517, 502, 512, 516, 513, 352939
509, 506, 504, 514, 501, 352972
504, 493, 497, 504, 508, 353007
514, 497, 510, 512, 518, 353041
514, 505, 510, 516, 504, 353076
505, 499, 499, 508, 502, 353110
509, 492, 505, 507, 516, 353144
517, 503, 513, 517, 512, 353178
506, 503, 501, 511, 500, 353213
505, 492, 500, 504, 511, 353247
514, 496, 511, 513, 515, 353282
513, 505, 507, 515, 501, 353316
503, 496, 497, 506, 503, 353350
511, 494, 507, 509, 518, 353385
516, 504, 513, 517, 510, 353419
506, 503, 501, 511, 501, 353454
506, 492, 501, 504, 513, 353487
517, 501, 513, 515, 518, 353522
512, 507, 507, 516, 503, 353556
504, 496, 497, 505, 506, 353591
511, 494, 506, 508, 517, 353625
515, 505, 512, 517, 508, 353659
504, 499, 498, 508, 500, 353693
506, 491, 502, 505, 513, 353728
514, 498, 510, 514, 511, 353762
510, 504, 506, 514, 500, 353797
503, 491, 497, 504, 505, 353830
514, 495, 509, 511, 516, 353865
514, 505, 510, 516, 505, 353899
507, 501, 501, 510, 503, 353934
508, 492, 503, 506, 514, 353968
518, 503, 513, 517, 514, 354002
509, 505, 504, 513, 501, 354036
506, 495, 500, 506, 511, 354071
513, 496, 508, 511, 516, 354105
514, 506, 509, 516, 505, 354140
505, 500, 498, 507, 504, 354173
509, 493, 504, 507, 516, 354208
516, 503, 512, 516, 511, 354242
506, 502, 502, 511, 500, 354277
505, 492, 498, 505, 509, 354311
515, 497, 511, 514, 515, 354345
511, 504, 507, 514, 502, 354380
505, 497, 499, 507, 504, 354414
509, 492, 504, 508, 515, 354449
517, 505, 514, 517, 510, 354483
506, 502, 502, 511, 501, 354518
507, 493, 501, 506, 513, 354551
515, 499, 510, 513, 515, 354586
511, 505, 507, 514, 502, 354620
504, 496, 498, 506, 506, 354655
510, 493, 506, 509, 515, 354689
515, 504, 511, 516, 508, 354723
505, 500, 500, 509, 501, 354757
506, 491, 501, 505, 512, 354792
517, 501, 512, 516, 515, 354826
511, 505, 506, 514, 502, 354861
505, 495, 500, 506, 508, 354894
512, 494, 507, 509, 516, 354929
514, 505, 511, 516, 506, 354963
506, 502, 500, 509, 503, 354998
507, 493, 503, 507, 515, 355032
517, 503, 513, 516, 514, 355066
507, 503, 503, 512, 500, 355100
505, 494, 498, 505, 509, 355135
514, 496, 510, 512, 517, 355169
513, 504, 509, 515, 504, 355204
503, 497, 498, 507, 501, 355237
508, 491, 504, 507, 514, 355272
517, 502, 514, 517, 511, 355306
510, 506, 505, 514, 502, 355341
505, 493, 499, 505, 511, 355375
516, 499, 511, 513, 518, 355409
514, 507, 509, 517, 504, 355443
503, 498, 497, 506, 504, 355478
508, 492, 504, 506, 515, 355513
516, 504, 512, 517, 510, 355547
503, 499, 499, 509, 497, 355581
505, 491, 500, 504, 510, 355615
513, 495, 509, 513, 512, 355650
514, 507, 509, 517, 502, 355684
503, 495, 498, 505, 504, 355719
513, 496, 508, 510, 519, 355752
515, 505, 511, 517, 508, 355787
506, 503, 501, 511, 503, 355821
506, 491, 501, 504, 513, 355856
517, 501, 513, 516, 516, 355890
509, 505, 504, 513, 499, 355924
506, 497, 500, 506, 510, 355958
510, 493, 507, 509, 516, 355993
516, 506, 512, 518, 506, 356027
501, 496, 495, 505, 497, 356062
510, 494, 506, 508, 517, 356096
515, 498, 510, 515, 511, 356130
510, 506, 505, 515, 501, 356164
508, 496, 503, 508, 506, 356199
512, 501, 508, 513, 511, 356233
509, 498, 504, 510, 508, 356268
511, 501, 506, 512, 510, 356301
509, 498, 504, 510, 508, 356336
512, 502, 507, 512, 511, 356370
508, 498, 503, 509, 507, 356405
510, 500, 505, 511, 510, 356439
509, 499, 505, 510, 508, 356473
511, 501, 506, 511, 510, 356507
510, 499, 505, 511, 509, 356542
509, 499, 504, 510, 509, 356577
510, 499, 505, 511, 508, 356611
508, 496, 503, 509, 506, 356645
510, 498, 506, 511, 508, 356679
508, 497, 504, 509, 507, 356714
510, 499, 505, 511, 508, 356748
512, 501, 507, 513, 510, 356783
510, 500, 505, 511, 509, 356816
511, 501, 506, 511, 510, 356851
509, 499, 504, 510, 509, 356885
510, 500, 506, 511, 509, 356920
509, 498, 504, 510, 508, 356954
509, 498, 505, 511, 508, 356988
508, 497, 503, 509, 507, 357022
510, 498, 506, 511, 508, 357057
509, 497, 504, 510, 507, 357091
511, 500, 507, 512, 509, 357126
509, 499, 504, 510, 508, 357159
512, 501, 507, 512, 510, 357194
509, 498, 505, 510, 508, 357228
511, 500, 506, 511, 510, 357263
510, 499, 505, 510, 509, 357297
511, 501, 507, 512, 510, 357331
509, 498, 503, 509, 508, 357365
508, 497, 504, 509, 507, 357400
510, 500, 506, 511, 509, 357434
509, 497, 504, 510, 507, 357469
509, 498, 504, 510, 508, 357502
509, 497, 504, 510, 507, 357537
511, 500, 506, 512, 510, 357571
512, 501, 507, 513, 511, 357606
509, 499, 504, 510, 509, 357640
510, 500, 505, 511, 509, 357675
508, 497, 504, 510, 508, 357709
510, 499, 506, 511, 508, 357743
510, 498, 505, 511, 508, 357778
510, 499, 505, 511, 509, 357812
510, 500, 506, 511, 510, 357847
509, 497, 504, 510, 508, 357880
510, 499, 505, 511, 508, 357915
510, 498, 505, 511, 509, 357949
510, 500, 506, 511, 509, 357984
509, 498, 504, 510, 508, 358018
509, 497, 504, 510, 507, 358052
509, 497, 504, 510, 507, 358086
511, 500, 506, 512, 509, 358121
509, 498, 505, 510, 508, 358155
511, 500, 506, 512, 510, 358190
509, 499, 504, 510, 509, 358223
511, 500, 506, 511, 510, 358258
509, 498, 504, 510, 508, 358292
509, 498, 505, 511, 508, 358327
509, 497, 504, 510, 507, 358361
512, 501, 508, 513, 510, 358395
508, 497, 503, 509, 507, 358429
511, 500, 507, 512, 509, 358464
508, 496, 503, 509, 507, 358498
512, 501, 507, 513, 511, 358533
509, 497, 504, 510, 507, 358566
510, 499, 505, 511, 509, 358601
510, 499, 504, 510, 509, 358635
512, 501, 507, 513, 511, 358670
510, 499, 504, 510, 509, 358704
512, 502, 507, 513, 512,