495, 501, 505, 506, 2310202
504, 495, 501, 505, 506, 2310237
503, 494, 501, 505, 504, 2310273
505, 495, 501, 506, 505, 2310307
504, 494, 502, 506, 505, 2310343
505, 496, 501, 506, 506, 2310379
505, 496, 502, 506, 507, 2310414
505, 496, 501, 506, 506, 2310450
504, 495, 501, 505, 505, 2310484
504, 495, 501, 505, 505, 2310520
505, 496, 502, 507, 507, 2310555
506, 497, 502, 507, 507, 2310591
505, 496, 501, 506, 507, 2310626
505, 496, 501, 505, 507, 2310662
506, 498, 503, 508, 509, 2310696
505, 497, 501, 506, 507, 2310732
505, 497, 502, 506, 507, 2310767
503, 495, 500, 505, 506, 2310803
504, 495, 501, 505, 506, 2310838
503, 494, 501, 505, 505, 2310874
505, 495, 502, 506, 506, 2310908
506, 497, 503, 507, 508, 2310944
505, 497, 502, 507, 508, 2310980
506, 498, 502, 507, 508, 2311015
505, 497, 502, 506, 508, 2311051
504, 497, 501, 506, 507, 2311086
505, 497, 501, 506, 507, 2311121
504, 496, 501, 505, 507, 2311156
503, 495, 501, 505, 505, 2311192
504, 496, 501, 506, 506, 2311227
505, 497, 503, 507, 507, 2311263
503, 494, 500, 505, 505, 2311298
506, 497, 503, 507, 507, 2311333
503, 492, 500, 504, 503, 2311368
503, 493, 500, 505, 504, 2311404
503, 491, 501, 505, 503, 2311439
505, 494, 502, 506, 505, 2311475
505, 495, 502, 507, 506, 2311511
507, 497, 503, 507, 508, 2311545
506, 497, 503, 507, 508, 2311581
505, 497, 501, 506, 508, 2311616
506, 498, 503, 507, 509, 2311652
503, 495, 500, 505, 506, 2311687
505, 497, 502, 506, 507, 2311723
505, 497, 502, 507, 508, 2311757
505, 496, 501, 506, 507, 2311793
505, 497, 502, 506, 507, 2311828
505, 496, 501, 506, 507, 2311864
503, 493, 499, 504, 505, 2311899
506, 497, 503, 507, 507, 2311934
504, 494, 501, 505, 505, 2311969
505, 495, 502, 506, 506, 2312005
505, 495, 501, 506, 506, 2312040
504, 494, 501, 505, 505, 2312076
504, 495, 501, 506, 505, 2312112
506, 496, 503, 507, 507, 2312146
505, 495, 501, 505, 506, 2312182
506, 497, 503, 507, 508, 2312217
504, 495, 500, 505, 506, 2312253
506, 497, 503, 507, 508, 2312288
504, 495, 501, 505, 506, 2312324
508, 501, 505, 509, 511, 2312358
503, 495, 499, 504, 506, 2312394
506, 498, 503, 507, 509, 2312429
503, 494, 499, 504, 505, 2312465
506, 498, 503, 507, 508, 2312500
502, 492, 499, 503, 504, 2312536
506, 497, 504, 508, 507, 2312570
503, 493, 499, 504, 504, 2312606
507, 497, 503, 507, 508, 2312642
503, 493, 500, 505, 504, 2312677
505, 496, 502, 506, 506, 2312713
504, 494, 501, 506, 505, 2312748
505, 496, 501, 506, 507, 2312783
504, 494, 501, 506, 505, 2312818
505, 496, 502, 506, 507, 2312854
505, 496, 502, 506, 507, 2312889
507, 499, 503, 507, 509, 2312925
505, 496, 502, 506, 507, 2312960
506, 498, 502, 506, 509, 2312995
504, 496, 501, 506, 507, 2313030
504, 495, 500, 505, 506, 2313066
505, 496, 502, 506, 507, 2313101
504, 495, 501, 505, 506, 2313137
505, 497, 502, 506, 507, 2313171
504, 495, 501, 505, 506, 2313207
505, 496, 502, 506, 507, 2313243
505, 496, 502, 506, 507, 2313278
505, 496, 502, 506, 507, 2313314
504, 495, 500, 505, 506, 2313349
506, 497, 503, 507, 507, 2313384
504, 495, 501, 505, 506, 2313419
505, 496, 502, 506, 507, 2313455
504, 495, 501, 506, 506, 2313490
504, 495, 501, 505, 506, 2313526
505, 496, 502, 506, 507, 2313561
503, 493, 500, 504, 504, 2313596
505, 496, 502, 506, 507, 2313631
505, 496, 503, 507, 507, 2313667
505, 491, 501, 502, 505, 2313702
502, 499, 521, 506, 504, 2313738
503, 502, 478, 509, 508, 2313774
511, 488, 508, 504, 508, 2313808
499, 495, 519, 503, 502, 2313844
506, 506, 482, 512, 511, 2313879
509, 488, 504, 503, 507, 2313915
502, 497, 521, 504, 504, 2313950
505, 506, 482, 511, 511, 2313986
510, 489, 503, 504, 508, 2314020
500, 493, 520, 502, 502, 2314056
505, 506, 484, 512, 510, 2314091
508, 486, 499, 502, 506, 2314127
501, 494, 522, 504, 502, 2314162
504, 505, 485, 511, 509, 2314198
510, 490, 500, 504, 509, 2314232
501, 492, 522, 503, 501, 2314268
504, 507, 486, 512, 510, 2314303
510, 489, 498, 504, 508, 2314339
502, 494, 523, 503, 503, 2314375
502, 505, 486, 510, 508, 2314409
510, 490, 496, 505, 508, 2314445
502, 492, 523, 503, 502, 2314480
502, 505, 487, 510, 508, 2314516
510, 490, 495, 505, 508, 2314551
502, 490, 523, 502, 502, 2314587
503, 506, 490, 511, 508, 2314621
510, 491, 492, 505, 509, 2314657
502, 488, 522, 502, 500, 2314692
502, 505, 492, 511, 508, 2314728
510, 492, 493, 507, 509, 2314763
504, 492, 523, 503, 504, 2314799
502, 506, 492, 511, 509, 2314833
510, 493, 490, 506, 510, 2314869
504, 490, 523, 502, 503, 2314905
501, 505, 491, 509, 507, 2314940
511, 495, 492, 508, 511, 2314976
502, 487, 520, 500, 500, 2315011
503, 507, 498, 511, 509, 2315046
507, 491, 487, 506, 507, 2315081
505, 488, 521, 502, 503, 2315117
500, 502, 495, 509, 505, 2315152
509, 494, 487, 507, 509, 2315188
504, 486, 520, 501, 501, 2315223
501, 503, 499, 509, 506, 2315258
509, 494, 486, 508, 509, 2315293
506, 489, 521, 503, 504, 2315329
502, 505, 500, 510, 508, 2315364
510, 498, 485, 509, 512, 2315400
506, 489, 519, 501, 504, 2315435
501, 505, 501, 509, 508, 2315470
510, 499, 485, 509, 513, 2315506
508, 492, 521, 503, 507, 2315541
500, 504, 501, 508, 507, 2315577
511, 503, 487, 511, 516, 2315612
504, 485, 514, 499, 503, 2315648
501, 505, 506, 509, 508, 2315682
506, 497, 481, 508, 511, 2315718
507, 487, 517, 502, 504, 2315753
499, 502, 506, 507, 505, 2315789
507, 499, 482, 510, 511, 2315824
506, 485, 514, 501, 503, 2315859
500, 501, 508, 507, 504, 2315894
507, 499, 481, 510, 511, 2315930
507, 485, 514, 501, 503, 2315965
499, 499, 510, 507, 503, 2316001
508, 501, 481, 511, 512, 2316037
508, 486, 514, 501, 504, 2316071
499, 499, 510, 505, 503, 2316107
509, 504, 482, 513, 513, 2316142
506, 483, 509, 499, 502, 2316178
502, 503, 517, 508, 507, 2316213
507, 503, 479, 511, 513, 2316249
509, 487, 510, 501, 506, 2316283
500, 500, 515, 506, 504, 2316319
506, 503, 479, 511, 512, 2316354
509, 486, 509, 502, 506, 2316390
499, 498, 515, 505, 503, 2316425
505, 503, 480, 511, 511, 2316461
507, 483, 507, 500, 503, 2316495
499, 495, 517, 504, 501, 2316531
506, 503, 481, 512, 510, 2316566
510, 486, 507, 502, 505, 2316602
502, 498, 520, 505, 504, 2316638
504, 504, 480, 511, 511, 2316673
509, 486, 505, 502, 506, 2316708
501, 497, 519, 504, 502, 2316743
504, 505, 481, 512, 511, 2316779
508, 498, 505, 509, 509, 2316814
504, 495, 501, 506, 506, 2316850
504, 495, 500, 505, 505, 2316884
506, 497, 504, 507, 508, 2316920
503, 494, 500, 505, 505, 2316955
507, 499, 503, 507, 509, 2316991
502, 493, 500, 504, 504, 2317026
506, 497, 502, 507, 508, 2317062
506, 497, 503, 507, 508, 2317096
507, 499, 503, 507, 509, 2317132
505, 498, 501, 506, 508, 2317168
505, 498, 502, 506, 508, 2317203
502, 494, 499, 504, 505, 2317239
505, 496, 501, 506, 507, 2317274
503, 493, 501, 505, 504, 2317309
504, 495, 501, 506, 506, 2317344
506, 496, 503, 507, 506, 2317380
503, 493, 499, 505, 504, 2317415
506, 497, 503, 507, 507, 2317451
503, 493, 500, 505, 504, 2317486
506, 497, 503, 507, 507, 2317521
504, 495, 501, 506, 506, 2317556
506, 497, 502, 507, 508, 2317592
506, 498, 502, 507, 508, 2317627
504, 495, 501, 505, 506, 2317663
504, 496, 501, 506, 507, 2317698
505, 496, 502, 506, 507, 2317733
504, 495, 501, 505, 506, 2317769
506, 497, 502, 507, 507, 2317804
505, 496, 502, 506, 507, 2317840
505, 497, 501, 506, 507, 2317875
506, 499, 503, 507, 508, 2317911
504, 495, 501, 505, 506, 2317945
505, 497, 502, 506, 507, 2317981
505, 496, 503, 506, 506, 2318016
504, 496, 501, 506, 507, 2318052
506, 497, 504, 507, 507, 2318087
502, 495, 500, 505, 506, 2318123
507, 498, 503, 507, 508, 2318157
504, 496, 501, 506, 507, 2318193
506, 498, 503, 507, 508, 2318228
505, 497, 501, 506, 508, 2318264
504, 496, 501, 506, 507, 2318300
503, 494, 500, 505, 505, 2318334
506, 497, 503, 507, 507, 2318370
503, 494, 500, 505, 505, 2318405
507, 499, 504, 508, 509, 2318441
505, 496, 501, 505, 507, 2318476
506, 498, 503, 507, 508, 2318512
504, 495, 501, 505, 506, 2318546
506, 498, 503, 507, 508, 2318582
504, 495, 501, 506, 506, 2318617
505, 497, 502, 506, 508, 2318653
504, 495, 501, 505, 505, 2318688
506, 497, 503, 507, 507, 2318724
504, 495, 501, 505, 506, 2318758
505, 497, 502, 506, 507, 2318794
503, 495, 500, 505, 505, 2318829
505, 495, 502, 506, 506, 2318865
503, 493, 500, 505, 504, 2318901
506, 497, 503, 507, 507, 2318936
504, 494, 501, 505, 505, 2318971
505, 497, 502, 506, 507, 2319006
504, 494, 501, 505, 505, 2319042
505, 496, 502, 506, 506, 2319077
505, 495, 501, 506, 506, 2319113
506, 497, 502, 507, 508, 2319148
505, 496, 502, 506, 507, 2319183
504, 496, 501, 506, 507, 2319218
504, 495, 502, 506, 505, 2319254
504, 495, 500, 505, 505, 2319289
506, 496, 503, 507, 506, 2319325
505, 497, 501, 506, 507, 2319360
506, 497, 503, 507, 507, 2319395
505, 498, 501, 506, 508, 2319431
505, 496, 502, 506, 507, 2319466
505, 497, 502, 506, 508, 2319502
505, 498, 503, 507, 508, 2319537
504, 497, 501, 505, 507, 2319572
505, 498, 502, 507, 508, 2319607
503, 495, 499, 505, 505, 2319643
506, 498, 503, 507, 508, 2319678
504, 495, 501, 505, 506, 2319714
505, 496, 502, 506, 507, 