04, 2376996
505, 494, 503, 507, 505, 2377032
505, 494, 501, 506, 505, 2377067
507, 497, 503, 508, 507, 2377103
506, 497, 502, 507, 507, 2377139
506, 498, 502, 507, 508, 2377174
505, 497, 502, 506, 508, 2377209
505, 497, 501, 506, 508, 2377244
506, 498, 502, 507, 509, 2377280
505, 497, 502, 506, 508, 2377315
503, 494, 499, 505, 505, 2377351
505, 495, 501, 506, 506, 2377385
503, 494, 500, 505, 505, 2377421
506, 496, 503, 507, 507, 2377456
503, 493, 500, 505, 504, 2377492
505, 496, 502, 507, 506, 2377527
505, 495, 501, 506, 506, 2377563
507, 498, 503, 507, 508, 2377597
505, 496, 502, 506, 507, 2377633
505, 497, 501, 506, 508, 2377668
506, 498, 502, 507, 508, 2377704
507, 500, 503, 507, 510, 2377740
506, 498, 502, 506, 509, 2377775
506, 500, 503, 507, 510, 2377810
502, 494, 499, 504, 505, 2377845
505, 496, 502, 506, 507, 2377881
504, 494, 500, 505, 505, 2377916
505, 496, 502, 506, 507, 2377952
503, 493, 499, 504, 505, 2377987
504, 494, 501, 505, 505, 2378022
504, 493, 501, 506, 504, 2378057
504, 494, 500, 505, 505, 2378093
507, 497, 503, 508, 507, 2378128
503, 493, 499, 505, 504, 2378164
507, 497, 503, 507, 507, 2378199
504, 494, 500, 506, 506, 2378234
505, 496, 502, 506, 507, 2378270
506, 497, 502, 507, 507, 2378305
506, 499, 503, 507, 509, 2378341
503, 495, 499, 504, 505, 2378376
506, 498, 503, 507, 508, 2378412
504, 495, 501, 505, 506, 2378446
506, 498, 502, 507, 508, 2378482
505, 497, 501, 506, 508, 2378517
506, 497, 501, 506, 508, 2378553
505, 496, 502, 506, 507, 2378588
504, 495, 500, 505, 506, 2378624
504, 494, 501, 505, 505, 2378658
504, 495, 501, 506, 506, 2378694
505, 495, 502, 506, 506, 2378729
505, 496, 501, 507, 507, 2378765
505, 495, 502, 506, 506, 2378800
504, 495, 500, 505, 506, 2378835
506, 497, 503, 507, 507, 2378871
504, 495, 501, 506, 506, 2378906
506, 498, 502, 507, 508, 2378942
505, 496, 501, 506, 507, 2378977
505, 497, 501, 506, 508, 2379013
506, 497, 503, 508, 508, 2379047
503, 493, 499, 504, 505, 2379083
508, 499, 504, 508, 509, 2379118
503, 495, 499, 504, 506, 2379154
506, 498, 502, 507, 508, 2379189
503, 493, 500, 504, 504, 2379225
505, 495, 501, 506, 506, 2379259
505, 496, 502, 506, 507, 2379295
507, 498, 503, 507, 508, 2379330
504, 495, 500, 505, 506, 2379366
504, 494, 500, 505, 506, 2379402
505, 494, 501, 506, 505, 2379437
505, 495, 501, 506, 506, 2379472
507, 497, 504, 507, 508, 2379507
504, 495, 501, 505, 506, 2379543
505, 496, 502, 506, 507, 2379578
504, 493, 501, 505, 505, 2379614
505, 495, 503, 507, 507, 2379649
506, 497, 503, 507, 509, 2379684
505, 494, 501, 506, 507, 2379719
506, 497, 503, 507, 509, 2379755
505, 496, 501, 506, 507, 2379790
505, 497, 501, 506, 508, 2379826
505, 496, 501, 505, 507, 2379860
503, 494, 500, 505, 506, 2379896
506, 497, 502, 507, 508, 2379931
504, 494, 500, 505, 506, 2379967
505, 495, 501, 506, 507, 2380003
506, 497, 503, 507, 507, 2380038
503, 494, 499, 505, 505, 2380073
507, 498, 503, 508, 509, 2380108
504, 494, 500, 505, 506, 2380144
504, 495, 501, 505, 507, 2380179
506, 496, 502, 507, 507, 2380215
503, 493, 500, 504, 504, 2380250
506, 496, 503, 507, 507, 2380285
504, 494, 500, 505, 506, 2380320
505, 495, 501, 506, 506, 2380356
504, 494, 499, 505, 505, 2380391
506, 496, 503, 507, 507, 2380427
504, 494, 501, 505, 506, 2380462
507, 498, 504, 508, 509, 2380497
504, 495, 500, 505, 506, 2380533
507, 498, 503, 507, 509, 2380568
503, 494, 499, 504, 505, 2380604
507, 499, 504, 508, 510, 2380639
504, 495, 500, 505, 506, 2380675
507, 500, 503, 508, 510, 2380709
504, 496, 501, 505, 507, 2380745
505, 497, 501, 506, 507, 2380780
505, 496, 502, 506, 507, 2380816
505, 497, 501, 506, 507, 2380851
505, 496, 502, 506, 507, 2380887
505, 497, 502, 506, 507, 2380921
504, 495, 501, 506, 505, 2380957
504, 494, 500, 505, 505, 2380992
506, 496, 503, 507, 507, 2381028
505, 496, 501, 506, 506, 2381063
506, 498, 503, 507, 508, 2381099
504, 495, 500, 505, 506, 2381134
504, 493, 500, 505, 504, 2381169
505, 496, 502, 507, 506, 2381205
506, 496, 502, 507, 506, 2381240
506, 497, 502, 507, 508, 2381276
506, 497, 502, 506, 508, 2381310
505, 497, 501, 506, 507, 2381346
500, 510, 510, 516, 519, 2381381
511, 495, 487, 491, 503, 2381417
504, 483, 504, 508, 499, 2381452
500, 510, 516, 522, 521, 2381488
510, 495, 488, 491, 503, 2381522
505, 481, 500, 504, 496, 2381558
499, 507, 516, 522, 518, 2381593
509, 497, 489, 493, 504, 2381629
508, 484, 501, 503, 497, 2381665
499, 506, 514, 522, 518, 2381700
509, 499, 493, 496, 508, 2381735
507, 483, 498, 500, 496, 2381770
500, 505, 515, 522, 516, 2381806
506, 498, 491, 495, 506, 2381841
511, 486, 500, 502, 498, 2381877
499, 504, 513, 520, 515, 2381912
508, 503, 495, 498, 511, 2381947
508, 483, 497, 500, 496, 2381982
500, 504, 513, 520, 514, 2382018
506, 501, 494, 497, 508, 2382053
507, 482, 497, 499, 496, 2382089
501, 502, 513, 521, 513, 2382124
507, 503, 495, 500, 510, 2382159
507, 482, 496, 498, 496, 2382194
500, 500, 514, 521, 512, 2382230
507, 503, 495, 500, 509, 2382266
508, 482, 496, 498, 496, 2382301
502, 503, 516, 523, 515, 2382337
506, 503, 493, 499, 509, 2382371
510, 485, 496, 498, 498, 2382407
501, 502, 515, 523, 514, 2382442
508, 507, 496, 501, 513, 2382478
508, 483, 494, 496, 497, 2382513
500, 499, 514, 521, 512, 2382548
506, 506, 496, 502, 511, 2382583
508, 482, 493, 495, 496, 2382619
500, 496, 514, 520, 509, 2382654
505, 506, 498, 503, 511, 2382690
509, 483, 493, 496, 496, 2382725
501, 497, 513, 520, 510, 2382760
506, 507, 500, 505, 513, 2382796
508, 482, 491, 494, 495, 2382831
501, 497, 513, 519, 510, 2382867
505, 508, 501, 506, 514, 2382902
508, 483, 490, 493, 495, 2382938
502, 497, 513, 520, 510, 2382972
504, 507, 500, 506, 513, 2383008
509, 485, 490, 494, 497, 2383043
501, 494, 513, 518, 508, 2383079
505, 508, 503, 509, 515, 2383114
510, 486, 489, 493, 498, 2383150
503, 496, 513, 519, 510, 2383184
503, 509, 504, 509, 515, 2383220
510, 488, 490, 494, 499, 2383255
503, 494, 511, 517, 508, 2383291
502, 508, 503, 509, 515, 2383326
509, 487, 489, 493, 498, 2383362
502, 493, 510, 516, 507, 2383397
505, 511, 507, 512, 517, 2383432
509, 488, 488, 492, 499, 2383468
502, 492, 509, 515, 507, 2383503
503, 510, 507, 513, 517, 2383539
508, 487, 486, 491, 498, 2383574
502, 488, 508, 513, 504, 2383609
503, 509, 508, 514, 516, 2383644
510, 491, 488, 493, 500, 2383680
505, 492, 509, 514, 506, 2383715
502, 509, 508, 514, 517, 2383751
509, 490, 487, 491, 500, 2383785
503, 489, 507, 512, 504, 2383821
502, 509, 509, 514, 516, 2383856
510, 493, 489, 493, 502, 2383892
502, 487, 505, 510, 502, 2383928
505, 512, 512, 517, 519, 2383963
507, 490, 486, 491, 500, 2383998
505, 489, 507, 511, 504, 2384033
502, 508, 510, 516, 516, 2384069
508, 493, 488, 492, 502, 2384104
505, 487, 506, 510, 503, 2384140
502, 508, 509, 517, 516, 2384175
510, 496, 491, 494, 504, 2384210
505, 487, 505, 508, 502, 2384245
503, 510, 510, 519, 517, 2384281
508, 495, 490, 492, 503, 2384316
506, 486, 504, 507, 501, 2384352
501, 507, 509, 519, 516, 2384387
508, 496, 491, 492, 505, 2384422
506, 485, 502, 505, 499, 2384457
501, 508, 512, 521, 517, 2384493
509, 499, 492, 494, 506, 2384529
506, 482, 500, 502, 497, 2384564
500, 508, 513, 522, 518, 2384600
508, 496, 490, 492, 505, 2384634
507, 482, 501, 503, 496, 2384670
500, 507, 514, 522, 517, 2384705
507, 496, 489, 492, 505, 2384741
507, 483, 501, 503, 496, 2384776
500, 505, 513, 523, 515, 2384812
509, 500, 493, 496, 509, 2384846
508, 485, 500, 501, 497, 2384882
501, 506, 513, 523, 517, 2384917
509, 501, 493, 496, 510, 2384953
507, 484, 499, 500, 496, 2384988
501, 504, 513, 524, 516, 2385024
507, 499, 493, 495, 508, 2385059
507, 483, 499, 499, 495, 2385094
501, 503, 513, 524, 514, 2385130
507, 500, 494, 496, 509, 2385165
506, 480, 496, 496, 493, 2385201
502, 503, 514, 525, 515, 2385235
508, 503, 495, 498, 511, 2385271
507, 482, 497, 497, 495, 2385306
501, 501, 512, 524, 513, 2385342
508, 504, 496, 499, 513, 2385377
508, 483, 496, 496, 495, 2385413
501, 502, 513, 524, 514, 2385447
508, 506, 497, 500, 514, 2385483
506, 482, 494, 494, 494, 2385518
501, 502, 513, 524, 513, 2385554
506, 504, 496, 500, 513, 2385589
507, 482, 495, 494, 494, 2385625
502, 501, 513, 524, 513, 2385660
507, 506, 498, 502, 514, 2385695
507, 481, 493, 492, 493, 2385731
502, 500, 514, 525, 512, 2385766
505, 505, 498, 503, 514, 2385802
509, 484, 495, 494, 495, 2385837
503, 493, 501, 505, 506, 2385872
505, 496, 502, 507, 506, 2385907
504, 494, 500, 505, 505, 2385943
505, 495, 502, 506, 506, 2385978
505, 496, 502, 506, 506, 2386014
506, 497, 502, 507, 508, 2386049
505, 497, 502, 506, 507, 2386084
505, 497, 501, 506, 508, 2386119
506, 498, 502, 506, 508, 2386155
504, 496, 500, 505, 507, 2386191
505, 497, 502, 506, 508, 2386226
504, 495, 501, 505, 506, 2386262
505, 496, 501, 506, 507, 2386296
505, 496, 501, 506, 507, 2386332
505, 496, 501, 506, 507, 2386367
505, 496, 501, 506, 507, 2386403
505, 496, 502, 507, 507, 2386438
506, 498, 502, 507, 508, 2386473
505, 498, 501, 507, 508, 2386508
504, 496, 501, 506, 507, 2386544
503, 494, 500, 505, 505, 2386579
504, 494, 501, 506, 505, 2386615
505, 495, 501, 506, 506, 2386650
506, 496, 502, 507, 507, 2386685
504, 495, 501, 505, 506, 2386720
505, 496, 502, 506, 507, 2386756
505, 496, 502, 506, 507, 2386792
506, 497, 502, 507, 508, 2386827
506, 498, 502, 507, 508, 2386863
505, 497, 501, 506, 507, 2386897
505, 497, 501, 506, 507, 2386933
506, 498, 502, 507, 508, 2386968
505, 496, 501, 506, 507, 2387004
504, 496, 500, 505, 507, 2387039
505, 496, 502, 506, 507, 2387075
505, 496, 501, 506, 507, 2387109
505, 496, 502, 506, 507, 2387145
504, 495, 501, 506, 506, 2387180
506, 497, 502, 507, 507, 2387216
504, 495, 500, 506, 506, 2387251
505, 496, 501, 506, 507, 2387287
504, 495, 500, 506, 506, 2387322
506, 497, 502, 507, 507, 2387357
503, 494, 500, 505, 505, 2387393
506, 498, 502, 507, 508, 2387428
505, 496, 502, 506, 507, 2387464
506, 499, 501, 506, 509, 2387499
503, 495, 500, 505, 505, 2387534
503, 494, 499, 505, 505, 2387569
506, 497, 504, 508, 507, 2387605
505, 495, 501, 505, 506, 2387640
508, 500, 504, 509, 510, 2387676
503, 494, 500, 504, 505, 2387710
506, 497, 503, 507, 507, 2387746
505, 496, 502, 506, 507, 2387781
505, 496, 502, 506, 507, 2387817
503, 494, 499, 504, 505, 2387852
506, 497, 503, 507, 507, 2387888
504, 495, 501, 505, 506, 2387923
507, 499, 504, 508, 509, 2387958
504, 495, 501, 505, 506, 2387994
505, 497, 501, 506, 507, 2388029
506, 499, 503, 507, 509, 2388065
505, 497, 501, 506, 507, 2388100
504, 496, 501, 506, 507, 2388135
504, 495, 501, 506, 506, 2388170
505, 497, 502, 506, 507, 2388206
505, 496, 501, 506, 506, 2388241
506, 497, 503, 507, 508, 2388277
503, 494, 500, 505, 505, 2388312
506, 498, 503, 507, 508, 2388347
504, 495, 501, 506, 506, 2388382
507, 500, 503, 508, 509, 2388418
505, 497, 501, 506, 508, 2388454
504, 497, 500, 505, 507, 2388489
504, 496, 501, 505, 507, 2388525
503, 494, 500, 505, 505, 2388559
505, 496, 502, 507, 507, 2388595
503, 493, 500, 505, 504, 2388630
505, 495, 501, 506, 506, 2388666
506, 497, 503, 507, 508, 2388701
505, 496, 502, 507, 507, 2388737
506, 497, 501, 506, 508, 2388771
506, 498, 503, 507, 509, 2388807
505, 497, 501, 506, 508, 2388842
506, 499, 502, 507, 509, 2388878
504, 496, 500, 505, 507, 2388913
502, 493, 499, 504, 505, 2388948
506, 497, 502, 507, 507, 2388983
503, 493, 500, 505, 505, 2389019
505, 497, 502, 507, 507, 2389055
505, 496, 502, 507, 507, 2389090
505, 496, 500, 506, 507, 2389126
507, 499, 503, 508, 509, 2389160
504, 496, 500, 505, 507, 2389196
506, 498, 502, 507, 509, 2389231
503, 494, 499, 504, 505, 2389267
504, 495, 501, 506, 506, 2389302
504, 494, 502, 506, 506, 2389338
503, 492, 500, 505, 504, 2389372
506, 497, 503, 507, 507, 2389408
503, 493, 499, 505, 504, 2389443
504, 494, 501, 506, 506, 2389479
504, 493, 501, 506, 504, 2389514
505, 494, 501, 506, 506, 2389550
506, 495, 502, 507, 506, 2389585
507, 498, 502, 507, 509, 2389620
506, 496, 502, 507, 508, 2389656
506, 497, 501, 506, 508, 2389691
505, 496, 502, 506, 507, 2389727
503, 494, 500, 505, 506, 2389762
505, 496, 502, 506, 507, 2389797
504, 495, 501, 506, 506, 2389832
505, 495, 502, 506, 507, 2389868
503, 494, 500, 505, 505, 2389903
506, 496, 503, 507, 507, 2389939